   5.1748077e-01   5.7149650e-01   5.3253557e-01   3.4990138e-01   7.2039949e-01   3.4887322e-01   9.6603257e-02   6.0475415e-01   4.2063368e-01   9.6603257e-02   9.6603257e-02   1.6853815e-01   5.0167117e-01   6.1288437e-01   3.8902962e-01   4.6854034e-01   9.6603257e-02   9.6603257e-02
   6.2243475e-01   5.9286111e-01   3.8791101e-01   4.1017644e-01   5.8371442e-01   3.8791101e-01   9.6603257e-02   5.2320452e-01   4.1017644e-01   9.6603257e-02   9.6603257e-02   3.6512619e-01   3.3055515e-01   4.6854034e-01   4.4541320e-01   5.7698426e-01   3.8791101e-01   3.0179912e-01
   5.2628313e-01   5.2181938e-01   3.5160860e-01   4.0126772e-01   5.8762158e-01   4.5854130e-01   9.6603257e-02   6.1559921e-01   4.4052988e-01   9.6603257e-02   3.0842122e-01   3.5160860e-01   3.3434152e-01   4.5139550e-01   3.6646403e-01   6.1959542e-01   9.6603257e-02   9.6603257e-02
   7.2375915e-01   6.6458519e-01   5.4091201e-01   4.0126772e-01   5.2050860e-01   4.8389397e-01   9.6603257e-02   5.3145966e-01   4.5155085e-01   9.6603257e-02   9.6603257e-02   3.2555538e-01   3.6333438e-01   4.1714148e-01   4.5155085e-01   7.2375915e-01   9.6603257e-02   9.6603257e-02
   5.5337819e-01   6.3488731e-01   4.5807708e-01   9.6603257e-02   7.5179614e-01   5.7990967e-01   9.6603257e-02   6.5638887e-01   5.2141241e-01   9.6603257e-02   9.6603257e-02   4.3873150e-01   9.6603257e-02   4.6126927e-01   5.7990967e-01   5.2141241e-01   9.6603257e-02   9.6603257e-02
   4.3666433e-01   5.3050822e-01   3.3637311e-01   3.8479941e-01   6.7400264e-01   3.8322614e-01   9.6603257e-02   5.6049995e-01   3.0596611e-01   9.6603257e-02   9.6603257e-02   3.3637311e-01   9.6603257e-02   4.3666433e-01   4.1060845e-01   3.8479941e-01   9.6603257e-02   3.7097271e-01
   4.6222746e-01   4.6854034e-01   3.4914840e-01   3.7913840e-01   6.2682270e-01   4.2273383e-01   9.6603257e-02   6.0243275e-01   3.7913840e-01   9.6603257e-02   9.6603257e-02   3.5160860e-01   3.1569916e-01   5.5003953e-01   4.1735724e-01   4.5021482e-01   9.6603257e-02   9.6603257e-02
   4.5091456e-01   4.9174679e-01   9.6603257e-02   2.7338378e-01   7.0903186e-01   4.9703399e-01   9.6603257e-02   6.1163765e-01   4.8577827e-01   9.6603257e-02   4.5683795e-01   3.3508329e-01   3.8608809e-01   4.4408045e-01   3.0192943e-01   5.0950598e-01   9.6603257e-02   2.9469804e-01
   6.8318361e-01   6.2150258e-01   3.4324203e-01   3.8075490e-01   6.1630056e-01   3.8075490e-01   9.6603257e-02   4.4317063e-01   4.1356394e-01   9.6603257e-02   9.6603257e-02   3.1405982e-01   3.4324203e-01   4.7674623e-01   5.5742908e-01   6.7557791e-01   3.4324203e-01   9.6603257e-02
   5.3078963e-01   5.1349809e-01   3.3021157e-01   3.6231737e-01   5.8179342e-01   4.1060845e-01   9.6603257e-02   5.1586430e-01   4.1060845e-01   9.6603257e-02   9.6603257e-02   3.3021157e-01   3.4990138e-01   3.9524585e-01   3.5965115e-01   5.6469388e-01   9.6603257e-02   9.6603257e-02
   6.4598814e-01   5.6035368e-01   3.3202317e-01   3.1836996e-01   5.7743946e-01   4.2923143e-01   9.6603257e-02   5.4755206e-01   3.6333438e-01   9.6603257e-02   9.6603257e-02   2.9831371e-01   3.4608770e-01   4.3393726e-01   4.2033766e-01   6.7899023e-01   9.6603257e-02   9.6603257e-02
   6.9320029e-01   6.6054371e-01   3.9319036e-01   4.1714148e-01   5.1431257e-01   4.2046012e-01   9.6603257e-02   4.8808471e-01   3.5506447e-01   9.6603257e-02   9.6603257e-02   3.5546364e-01   9.6603257e-02   3.9864342e-01   4.3029477e-01   5.6970523e-01   2.5215459e-01   3.5643519e-01
   6.7947621e-01   6.6554646e-01   4.5933466e-01   4.9056991e-01   5.5692814e-01   4.3679518e-01   9.6603257e-02   3.1345929e-01   4.9056991e-01   9.6603257e-02   3.0969715e-01   4.0396840e-01   3.0969715e-01   3.4990138e-01   5.5692814e-01   4.9826971e-01   1.5941839e-01   3.0969715e-01
   3.8276461e-01   4.4937569e-01   3.7511679e-01   3.4717732e-01   5.8285852e-01   3.4324203e-01   9.6603257e-02   6.4206411e-01   4.1205924e-01   9.6603257e-02   9.6603257e-02   4.3679518e-01   3.1405982e-01   1.6459805e-01   5.2920490e-01   3.0682656e-01   9.6603257e-02   9.6603257e-02
   5.4584894e-01   5.0065817e-01   2.9117137e-01   2.7375602e-01   5.0954626e-01   4.1669377e-01   9.6603257e-02   4.2330708e-01   3.7528927e-01   9.6603257e-02   2.7292389e-01   1.6185664e-01   3.5842401e-01   2.8489630e-01   4.5892270e-01   3.7408835e-01   3.3147328e-01   2.6770690e-01
   4.6076932e-01   4.2374061e-01   3.2148019e-01   3.1401963e-01   4.9833323e-01   3.2331876e-01   9.6603257e-02   3.8369944e-01   5.0827273e-01   9.6603257e-02   3.4990138e-01   3.9275479e-01   3.5273798e-01   4.1592713e-01   3.2462468e-01   3.2148019e-01   9.6603257e-02   9.6603257e-02
   7.3158518e-01   5.6457731e-01   3.5546364e-01   3.8369944e-01   6.1520005e-01   5.3917935e-01   9.6603257e-02   5.6575631e-01   4.0907007e-01   9.6603257e-02   2.6839173e-01   9.6603257e-02   3.5643519e-01   3.5506447e-01   3.5546364e-01   5.0660845e-01   9.6603257e-02   9.6603257e-02
   6.1951044e-01   5.6850392e-01   3.7018152e-01   4.2622641e-01   6.3752419e-01   5.1902324e-01   9.6603257e-02   5.9642579e-01   3.6106904e-01   9.6603257e-02   4.5142489e-01   4.5061297e-01   4.5061297e-01   4.3191527e-01   4.4429225e-01   5.6537233e-01   1.3215656e-01   3.1785793e-01
   5.2492232e-01   5.9042072e-01   3.7389657e-01   4.5872277e-01   7.1201593e-01   4.1919328e-01   9.6603257e-02   5.0173956e-01   5.7716460e-01   9.6603257e-02   4.3155112e-01   3.5088953e-01   4.1279765e-01   4.2794851e-01   3.6626847e-01   4.0126772e-01   9.6603257e-02   2.8945676e-01
   5.8433256e-01   5.1433456e-01   3.3208862e-01   4.3802177e-01   7.2614719e-01   3.5974613e-01   9.6603257e-02   4.6963274e-01   3.9582391e-01   9.6603257e-02   2.8640772e-01   3.2870701e-01   3.0248588e-01   4.9494373e-01   4.3112558e-01   4.3515036e-01   3.2935791e-01   3.3880768e-01
   5.2168527e-01   5.2325377e-01   3.5235081e-01   4.0993504e-01   4.9224100e-01   3.7200210e-01   9.6603257e-02   5.4676749e-01   3.9156866e-01   9.6603257e-02   2.7385462e-01   3.2699967e-01   3.0682656e-01   3.4990138e-01   4.2506462e-01   5.3168657e-01   2.9060758e-01   2.5215459e-01
   4.8959837e-01   6.3542621e-01   3.5437881e-01   4.1037557e-01   6.6752590e-01   3.7345000e-01   4.9556881e-01   4.6999498e-01   4.5372968e-01   9.6603257e-02   3.2257043e-01   3.4919720e-01   3.1579038e-01   4.4596045e-01   3.9411291e-01   4.1714148e-01   9.6603257e-02   2.7028802e-01
   5.5512365e-01   5.2311893e-01   3.5506447e-01   3.5506447e-01   4.3289854e-01   5.2311893e-01   9.6603257e-02   3.7694978e-01   3.5506447e-01   9.6603257e-02   3.4990138e-01   3.4990138e-01   9.6603257e-02   3.2123477e-01   3.9319036e-01   5.3257644e-01   9.6603257e-02   3.2123477e-01
   4.3485114e-01   5.2984264e-01   4.2706213e-01   4.8375776e-01   5.5724108e-01   3.4990138e-01   9.6603257e-02   6.0068201e-01   3.1925333e-01   9.6603257e-02   3.1925333e-01   4.3485114e-01   9.6603257e-02   5.0904816e-01   3.9362204e-01   4.3485114e-01   9.6603257e-02   9.6603257e-02
   6.2766849e-01   6.4522515e-01   4.2143597e-01   3.8791101e-01   6.3764078e-01   5.2623198e-01   9.6603257e-02   4.9199405e-01   3.0761164e-01   3.5308961e-01   3.4887322e-01   2.5215459e-01   3.1741298e-01   5.3706119e-01   4.2850350e-01   4.5455644e-01   9.6603257e-02   9.6603257e-02
   5.6639577e-01   4.1312887e-01   3.3415115e-01   3.3779631e-01   5.9424640e-01   3.7910808e-01   2.6721612e-01   4.8330814e-01   3.7372664e-01   9.6603257e-02   3.8248497e-01   2.9361772e-01   3.7366601e-01   3.7552042e-01   4.1635857e-01   5.4215596e-01   3.0044249e-01   9.6603257e-02
   4.6187513e-01   4.3679518e-01   2.7450852e-01   2.7450852e-01   5.1431962e-01   3.4179919e-01   3.3299458e-01   5.1019131e-01   3.6388047e-01   9.6603257e-02   9.6603257e-02   2.5215459e-01   4.5284223e-01   3.8997122e-01   4.8430139e-01   5.1223737e-01   9.6603257e-02   3.3299458e-01
   4.4102049e-01   5.4702703e-01   4.5908799e-01   4.5379247e-01   7.0040422e-01   5.2785200e-01   9.6603257e-02   5.4844915e-01   4.8305057e-01   9.6603257e-02   9.6603257e-02   3.0756119e-01   4.0126772e-01   4.0484464e-01   5.0194726e-01   6.2339424e-01   9.6603257e-02   9.6603257e-02
   5.2790146e-01   5.9231075e-01   3.7001862e-01   4.0710757e-01   6.5967455e-01   4.3815513e-01   9.6603257e-02   5.2793856e-01   4.0710757e-01   9.6603257e-02   9.6603257e-02   3.6123156e-01   3.1717796e-01   4.3014532e-01   4.5068984e-01   5.1292121e-01   2.9753898e-01   9.6603257e-02
   4.5399396e-01   6.1688183e-01   2.7443635e-01   4.4566232e-01   5.7078097e-01   3.9524585e-01   9.6603257e-02   5.9873228e-01   4.4566232e-01   9.6603257e-02   3.6171249e-01   3.0932170e-01   9.6603257e-02   3.2555538e-01   4.5399396e-01   4.4566232e-01   3.7208840e-01   9.6603257e-02
   6.6688596e-01   6.2834511e-01   3.8246558e-01   4.4916326e-01   4.9490586e-01   2.4799342e-01   2.7835961e-01   2.9259959e-01   5.0267302e-01   9.6603257e-02   2.5220282e-01   3.0734909e-01   2.3247238e-01   4.4609055e-01   4.5956372e-01   3.9497519e-01   3.6208137e-01   9.6603257e-02
   4.3229684e-01   5.3925966e-01   4.2389396e-01   3.8520176e-01   6.2150258e-01   4.5766941e-01   9.6603257e-02   7.1258529e-01   5.0928215e-01   4.4434160e-01   2.7450852e-01   3.8520176e-01   3.5120545e-01   4.8038453e-01   4.5284223e-01   5.0322449e-01   9.6603257e-02   9.6603257e-02
   5.5229415e-01   5.1998353e-01   3.5336240e-01   3.8148484e-01   5.0167117e-01   6.0276718e-01   9.6603257e-02   6.3835457e-01   4.7600607e-01   9.6603257e-02   3.6512619e-01   3.4990138e-01   3.3323612e-01   3.6048118e-01   4.1806646e-01   5.0899883e-01   3.0179912e-01   9.6603257e-02
   4.4196221e-01   5.0380109e-01   9.6603257e-02   3.5273798e-01   6.0544646e-01   4.3309615e-01   9.6603257e-02   5.0380109e-01   4.3538834e-01   9.6603257e-02   3.5273798e-01   3.1106074e-01   4.5654203e-01   4.2587836e-01   3.4767909e-01   4.2587836e-01   3.4767909e-01   9.6603257e-02
   4.7880577e-01   4.5388641e-01   2.9158582e-01   3.1487294e-01   5.2132065e-01   3.4458484e-01   9.6603257e-02   6.4681713e-01   3.0761523e-01   9.6603257e-02   4.3098339e-01   2.5215459e-01   4.3010848e-01   3.8369944e-01   4.1005069e-01   4.7574316e-01   9.6603257e-02   2.9113490e-01
   4.8871783e-01   5.6433615e-01   5.0801573e-01   5.0801573e-01   7.2971060e-01   5.3127612e-01   9.6603257e-02   2.9449143e-01   3.9195462e-01   9.6603257e-02   1.7601453e-01   3.0839556e-01   9.6603257e-02   4.3178975e-01   4.5614107e-01   2.6140491e-01   9.6603257e-02   3.0351094e-01
   6.0656552e-01   6.0848084e-01   4.4501246e-01   4.6973163e-01   7.1397593e-01   6.0475415e-01   3.9862353e-01   5.9053799e-01   4.8373893e-01   9.6603257e-02   4.3658161e-01   9.6603257e-02   3.4241942e-01   3.6000418e-01   3.4241942e-01   4.7902169e-01   3.4200574e-01   9.6603257e-02
   6.4701313e-01   6.2499565e-01   3.3299458e-01   3.8586803e-01   6.4979455e-01   4.6087076e-01   9.6603257e-02   4.8882336e-01   3.8948654e-01   9.6603257e-02   9.6603257e-02   2.9912439e-01   4.7345542e-01   4.4411378e-01   5.1694943e-01   6.0230694e-01   9.6603257e-02   9.6603257e-02
   5.5692081e-01   5.4714164e-01   3.0450968e-01   3.9874778e-01   5.2614133e-01   2.1389602e-01   9.6603257e-02   3.6860115e-01   3.7726419e-01   9.6603257e-02   2.7495384e-01   3.5658743e-01   3.0379179e-01   3.3508259e-01   3.7200210e-01   3.0241274e-01   3.2677605e-01   4.0365186e-01
   5.2708989e-01   4.8305057e-01   3.7208840e-01   3.1836996e-01   7.0742963e-01   4.5399396e-01   9.6603257e-02   6.2316640e-01   3.5040469e-01   9.6603257e-02   3.6039289e-01   3.7208840e-01   3.1836996e-01   4.5908799e-01   4.0126772e-01   5.0320218e-01   9.6603257e-02   9.6603257e-02
   4.2572722e-01   4.7872829e-01   4.3214391e-01   4.0964413e-01   5.6940523e-01   3.4856638e-01   9.6603257e-02   6.6397464e-01   4.7570074e-01   9.6603257e-02   4.6211067e-01   4.7480405e-01   4.7605027e-01   5.4418316e-01   3.0785684e-01   5.2333696e-01   9.6603257e-02   9.6603257e-02
   6.2791160e-01   6.2845190e-01   3.6333438e-01   3.4990138e-01   5.2050860e-01   9.6603257e-02   9.6603257e-02   5.0532246e-01   4.0484464e-01   9.6603257e-02   9.6603257e-02   3.5040469e-01   9.6603257e-02   4.8389397e-01   4.0126772e-01   5.7078097e-01   9.6603257e-02   9.6603257e-02
   6.3785552e-01   7.4095533e-01   4.0484464e-01   4.8305057e-01   7.2334466e-01   3.6039289e-01   9.6603257e-02   4.0484464e-01   5.0532246e-01   9.6603257e-02   3.2555538e-01   4.0126772e-01   5.4091201e-01   3.6333438e-01   5.2785200e-01   4.8389397e-01   9.6603257e-02   9.6603257e-02
   5.0294309e-01   4.8151016e-01   3.1984601e-01   3.6357327e-01   7.1737543e-01   3.9412105e-01   2.8341137e-01   5.4204861e-01   4.0079874e-01   9.6603257e-02   3.9036621e-01   3.0904985e-01   3.4722213e-01   4.3433560e-01   4.4402260e-01   4.7431239e-01   2.8065120e-01   3.0933991e-01
   5.9201607e-01   3.8902962e-01   9.6603257e-02   5.3253557e-01   6.3835457e-01   5.7222970e-01   9.6603257e-02   5.9201607e-01   5.0167117e-01   9.6603257e-02   9.6603257e-02   5.3253557e-01   3.4887322e-01   4.9832883e-01   4.2143597e-01   7.3854349e-01   9.6603257e-02   9.6603257e-02
   5.1251476e-01   4.6854034e-01   5.2037568e-01   3.6940359e-01   6.7270605e-01   5.0660845e-01   9.6603257e-02   5.0660845e-01   3.6940359e-01   9.6603257e-02   3.0484964e-01   9.6603257e-02   5.2037568e-01   4.0647108e-01   2.9258602e-01   6.3919724e-01   9.6603257e-02   3.4015451e-01
   6.3121996e-01   5.8343475e-01   3.2331876e-01   3.2331876e-01   5.2069077e-01   4.1714148e-01   9.6603257e-02   5.5553539e-01   3.4990138e-01   9.6603257e-02   9.6603257e-02   9.6603257e-02   3.5273798e-01   4.8303754e-01   4.8303754e-01   7.1652432e-01   9.6603257e-02   9.6603257e-02
   5.0908855e-01   4.0907007e-01   3.5643519e-01   3.5546364e-01   6.7621946e-01   4.3424369e-01   9.6603257e-02   4.4079847e-01   4.4808896e-01   9.6603257e-02   9.6603257e-02   9.6603257e-02   6.2890479e-01   4.5903249e-01   9.6603257e-02   4.5159741e-01   9.6603257e-02   3.5643519e-01
   4.1667362e-01   4.5101059e-01   2.9113490e-01   3.9345880e-01   5.3491544e-01   2.9158582e-01   9.6603257e-02   5.5757837e-01   3.9345880e-01   9.6603257e-02   3.3335004e-01   3.3149733e-01   3.1487294e-01   4.6854034e-01   3.6060948e-01   5.7406322e-01   2.9113490e-01   9.6603257e-02
   5.1694943e-01   4.8305057e-01   3.5040469e-01   4.1714148e-01   7.2615752e-01   9.6603257e-02   9.6603257e-02   5.4844915e-01   3.6171249e-01   9.6603257e-02   4.5908799e-01   4.1714148e-01   5.4091201e-01   5.5585808e-01   4.7214800e-01   4.2033766e-01   9.6603257e-02   9.6603257e-02
   6.2579806e-01   5.9098530e-01   4.4311120e-01   3.5045854e-01   6.3648044e-01   3.7603153e-01   9.6603257e-02   5.7809796e-01   4.5391222e-01   2.7108531e-01   3.3162637e-01   3.2593889e-01   3.4762267e-01   4.2273383e-01   4.2184063e-01   5.1173074e-01   3.0062169e-01   3.0604907e-01
   5.1702791e-01   6.5245619e-01   4.4223575e-01   4.0004598e-01   5.4860645e-01   3.1106074e-01   9.6603257e-02   5.4425241e-01   4.7001482e-01   9.6603257e-02   2.9853756e-01   9.6603257e-02   3.4319680e-01   2.9853756e-01   4.4223575e-01   3.4319680e-01   3.4319680e-01   3.4767909e-01
   5.3777424e-01   7.2103210e-01   3.8369944e-01   4.1494148e-01   5.0249098e-01   3.0028557e-01   9.6603257e-02   5.0000000e-01   5.9497065e-01   9.6603257e-02   3.6493483e-01   2.5215459e-01   3.3205351e-01   3.9093485e-01   3.6493483e-01   3.9524585e-01   9.6603257e-02   9.6603257e-02
   5.3038308e-01   5.2252120e-01   3.6889691e-01   3.9524585e-01   7.1542263e-01   5.4604489e-01   9.6603257e-02   4.9797370e-01   4.4332268e-01   9.6603257e-02   3.5145134e-01   3.9327257e-01   3.1010581e-01   3.7979569e-01   4.9023173e-01   4.1311057e-01   9.6603257e-02   3.2580066e-01
   4.3679518e-01   5.8868975e-01   3.9195462e-01   4.5097060e-01   6.7547132e-01   4.1566200e-01   9.6603257e-02   3.2745271e-01   4.9406771e-01   9.6603257e-02   9.6603257e-02   2.5215459e-01   4.2989535e-01   4.0424548e-01   3.7200210e-01   3.9069386e-01   9.6603257e-02   9.6603257e-02
   7.0059167e-01   5.7750777e-01   5.2372487e-01   5.2372487e-01   5.4236048e-01   4.3178975e-01   9.6603257e-02   4.5155085e-01   4.2794851e-01   9.6603257e-02   3.0839556e-01   9.6603257e-02   3.3401248e-01   3.9195462e-01   4.8389397e-01   6.9087101e-01   9.6603257e-02   9.6603257e-02
   6.3179792e-01   7.2061535e-01   4.8899340e-01   4.8899340e-01   4.5485027e-01   5.2920490e-01   9.6603257e-02   5.8963861e-01   5.1015028e-01   9.6603257e-02   9.6603257e-02   4.5971752e-01   9.6603257e-02   4.2757268e-01   5.8834104e-01   4.4407742e-01   9.6603257e-02   9.6603257e-02
   4.0004598e-01   4.0413235e-01   3.5832130e-01   3.5832130e-01   5.7241129e-01   5.3984188e-01   3.5832130e-01   7.3144631e-01   3.5832130e-01   9.6603257e-02   1.7551198e-01   3.0831821e-01   1.7551198e-01   5.4559228e-01   4.6969570e-01   4.1714148e-01   9.6603257e-02   9.6603257e-02
   7.2642200e-01   6.3406812e-01   3.4194810e-01   3.6327471e-01   6.0703459e-01   3.9008667e-01   9.6603257e-02   4.7460093e-01   3.8975667e-01   9.6603257e-02   9.6603257e-02   2.7382042e-01   3.0606629e-01   4.2429462e-01   5.5015293e-01   6.6615547e-01   9.6603257e-02   9.6603257e-02
   4.1016851e-01   5.0532246e-01   5.1369097e-01   4.5908799e-01   4.8630903e-01   3.6333438e-01   9.6603257e-02   5.9069186e-01   4.0126772e-01   9.6603257e-02   1.7817309e-01   3.2555538e-01   3.2555538e-01   4.5908799e-01   3.5040469e-01   4.5068984e-01   3.2555538e-01   9.6603257e-02
   6.8595169e-01   7.1007787e-01   3.5832130e-01   3.5920541e-01   6.5894128e-01   5.3855835e-01   1.7551198e-01   5.1852000e-01   4.3538834e-01   9.6603257e-02   3.2331876e-01   5.1036809e-01   3.9743248e-01   5.1036809e-01   9.6603257e-02   6.3125116e-01   9.6603257e-02   9.6603257e-02
   5.3369878e-01   5.6036377e-01   9.6603257e-02   3.4990138e-01   6.2150526e-01   3.5832130e-01   5.8172257e-01   6.2034401e-01   1.7551198e-01   9.6603257e-02   1.7551198e-01   9.6603257e-02   9.6603257e-02   5.6320482e-01   5.3385052e-01   3.4990138e-01   9.6603257e-02   9.6603257e-02
   4.6838025e-01   5.8285852e-01   5.4611359e-01   5.3145966e-01   6.7254926e-01   5.3438840e-01   9.6603257e-02   2.7619445e-01   3.4990138e-01   3.1925333e-01   9.6603257e-02   1.7073396e-01   3.5737003e-01   4.2958362e-01   3.2413463e-01   3.9362204e-01   9.6603257e-02   9.6603257e-02
   4.2061199e-01   5.4572038e-01   3.6387471e-01   5.5269980e-01   5.5770068e-01   5.1933515e-01   9.6603257e-02   6.5956671e-01   3.5139672e-01   9.6603257e-02   3.0086415e-01   3.6387471e-01   5.1677281e-01   4.8545618e-01   9.6603257e-02   6.1474104e-01   9.6603257e-02   9.6603257e-02
   3.6694295e-01   3.5657816e-01   3.1741298e-01   3.4480203e-01   6.6988924e-01   5.3583599e-01   9.6603257e-02   5.0007214e-01   3.8312666e-01   9.6603257e-02   3.1760530e-01   2.9281980e-01   3.7918982e-01   3.1823697e-01   2.9197310e-01   4.4560670e-01   9.6603257e-02   2.9281980e-01
   6.3099174e-01   5.8066722e-01   3.8471446e-01   4.7773610e-01   5.3155133e-01   3.6026379e-01   9.6603257e-02   4.2481762e-01   4.0000514e-01   9.6603257e-02   2.9767223e-01   3.6874884e-01   3.1812261e-01   3.8545689e-01   4.2403665e-01   5.1234680e-01   3.0628713e-01   3.3426704e-01
   6.0037303e-01   6.2298145e-01   3.8392569e-01   3.8278244e-01   6.9536311e-01   4.0874684e-01   9.6603257e-02   4.2370445e-01   4.1679726e-01   1.2650505e-01   3.1204433e-01   3.2597344e-01   3.4768643e-01   3.7278797e-01   5.0888521e-01   4.1845924e-01   3.4250739e-01   3.1867803e-01
   3.9455029e-01   5.5632178e-01   2.7423556e-01   2.7071613e-01   6.5576050e-01   2.8035615e-01   3.0085719e-01   3.2551409e-01   4.5579392e-01   9.6603257e-02   2.8263353e-01   2.4662142e-01   3.5263743e-01   3.5527773e-01   3.5263743e-01   3.2148019e-01   1.3383866e-01   9.6603257e-02
   4.4102049e-01   5.2050860e-01   4.0126772e-01   4.0126772e-01   7.1352891e-01   3.2804791e-01   9.6603257e-02   5.9386819e-01   5.4091201e-01   9.6603257e-02   9.6603257e-02   3.2555538e-01   9.6603257e-02   3.6039289e-01   4.0126772e-01   4.5106163e-01   9.6603257e-02   3.6039289e-01
   4.4906446e-01   4.2587836e-01   3.3796243e-01   2.6710038e-01   4.8630109e-01   3.3205351e-01   9.6603257e-02   5.4965720e-01   2.6540764e-01   9.6603257e-02   2.5215459e-01   2.5215459e-01   3.3205351e-01   5.2018541e-01   3.9662208e-01   4.7894847e-01   9.6603257e-02   9.6603257e-02
   4.9177563e-01   4.2277316e-01   2.6428673e-01   2.7409377e-01   5.8997301e-01   4.0725319e-01   9.6603257e-02   5.0327906e-01   3.1925333e-01   9.6603257e-02   2.9403483e-01   2.7320922e-01   3.2177742e-01   3.9730705e-01   3.5850007e-01   5.2529427e-01   2.8942758e-01   9.6603257e-02
   4.8524950e-01   3.5794368e-01   9.6603257e-02   5.3082395e-01   4.3349984e-01   3.5754903e-01   9.6603257e-02   5.1768670e-01   4.8423120e-01   9.6603257e-02   9.6603257e-02   5.3082395e-01   3.4594287e-01   4.2393986e-01   4.4907430e-01   4.4925655e-01   9.6603257e-02   9.6603257e-02
   7.0655620e-01   7.3188614e-01   4.0396840e-01   5.5433768e-01   5.1816006e-01   3.4139755e-01   9.6603257e-02   4.7163445e-01   4.7163445e-01   9.6603257e-02   3.0969715e-01   4.0408272e-01   3.4656249e-01   4.5933466e-01   4.3677554e-01   6.3283695e-01   9.6603257e-02   9.6603257e-02
   5.5574505e-01   5.0869469e-01   3.3739217e-01   3.4954733e-01   4.3552420e-01   2.7484437e-01   9.6603257e-02   3.4990138e-01   3.9497519e-01   9.6603257e-02   2.6490148e-01   3.3192023e-01   2.5215459e-01   2.8423771e-01   5.3607478e-01   3.1086413e-01   9.6603257e-02   9.6603257e-02
   6.6102597e-01   5.8939212e-01   9.6603257e-02   5.3438840e-01   5.5998771e-01   4.2565739e-01   9.6603257e-02   5.3632958e-01   5.3438840e-01   9.6603257e-02   9.6603257e-02   5.3438840e-01   4.2565739e-01   3.5205956e-01   5.0130965e-01   7.1986077e-01   9.6603257e-02   9.6603257e-02
   6.3601004e-01   5.5773142e-01   3.3159085e-01   3.4671380e-01   6.5009862e-01   4.2249223e-01   9.6603257e-02   3.4990138e-01   4.3133943e-01   3.1969019e-01   2.8697060e-01   2.5215459e-01   3.1969019e-01   3.3159085e-01   4.6618598e-01   3.9195462e-01   2.5215459e-01   2.8697060e-01
   5.4052239e-01   5.7383817e-01   3.9947287e-01   3.8391676e-01   5.4330491e-01   4.0892706e-01   9.6603257e-02   5.3076682e-01   4.0878435e-01   9.6603257e-02   2.7317958e-01   2.1389602e-01   3.5308961e-01   3.7660576e-01   4.1714148e-01   5.4065852e-01   3.4765125e-01   9.6603257e-02
   5.9537605e-01   5.8281850e-01   4.2587836e-01   3.8369944e-01   5.4069437e-01   3.8866909e-01   9.6603257e-02   4.6254495e-01   3.9524585e-01   9.6603257e-02   3.3299458e-01   3.9524585e-01   2.9912439e-01   4.2587836e-01   4.0327592e-01   3.8997122e-01   3.4707340e-01   2.5215459e-01
   5.5971556e-01   5.0638061e-01   9.6603257e-02   3.4594287e-01   5.8083200e-01   3.8474638e-01   9.6603257e-02   5.5003953e-01   3.7913840e-01   9.6603257e-02   9.6603257e-02   3.1569916e-01   5.3082395e-01   4.0424548e-01   4.2273383e-01   5.8796852e-01   3.5160860e-01   9.6603257e-02
   4.3673858e-01   4.3424369e-01   3.2123477e-01   3.4001229e-01   6.3214790e-01   3.3499793e-01   9.6603257e-02   5.3260623e-01   3.7702410e-01   9.6603257e-02   3.5643519e-01   3.1390947e-01   3.2862904e-01   4.5694467e-01   3.4001229e-01   5.0600972e-01   9.6603257e-02   9.6603257e-02
   4.9715667e-01   5.2448233e-01   3.8345243e-01   3.4990138e-01   4.7666849e-01   4.2063368e-01   9.6603257e-02   5.4544356e-01   3.4990138e-01   9.6603257e-02   3.8902962e-01   3.4990138e-01   9.6603257e-02   4.1563838e-01   3.4887322e-01   5.1748077e-01   9.6603257e-02   3.1741298e-01
   6.0092547e-01   5.6971763e-01   5.2628009e-01   3.7830273e-01   4.9842752e-01   4.0822822e-01   9.6603257e-02   6.3561713e-01   3.7830273e-01   9.6603257e-02   9.6603257e-02   9.6603257e-02   3.7830273e-01   5.6280987e-01   3.7375597e-01   6.9361020e-01   9.6603257e-02   9.6603257e-02
   5.6275214e-01   5.3819928e-01   3.5405567e-01   4.0647108e-01   4.5278818e-01   3.5989395e-01   9.6603257e-02   5.7241039e-01   3.4990138e-01   9.6603257e-02   9.6603257e-02   3.3484930e-01   2.7507100e-01   4.0595000e-01   2.6671666e-01   4.6835336e-01   3.4015451e-01   9.6603257e-02
   5.9226340e-01   5.1185304e-01   3.8982212e-01   4.2061199e-01   6.1507663e-01   5.3943250e-01   9.6603257e-02   6.3927695e-01   4.1582500e-01   9.6603257e-02   3.2228521e-01   9.6603257e-02   2.9316651e-01   3.5307727e-01   2.8525229e-01   4.2572722e-01   3.6387471e-01   9.6603257e-02
   7.1799933e-01   5.6340874e-01   3.8791101e-01   3.8791101e-01   6.4987042e-01   5.0175565e-01   9.6603257e-02   6.2713256e-01   4.3224519e-01   9.6603257e-02   3.3620809e-01   9.6603257e-02   9.6603257e-02   5.5150427e-01   3.3620809e-01   5.6340874e-01   9.6603257e-02   9.6603257e-02
   4.5120167e-01   3.9524585e-01   3.4423906e-01   3.7360709e-01   5.7170555e-01   4.1009438e-01   5.0164745e-01   5.2301001e-01   4.2589136e-01   9.6603257e-02   3.5193868e-01   4.6377906e-01   2.6442744e-01   4.2104778e-01   3.7360709e-01   4.8824365e-01   9.6603257e-02   9.6603257e-02
   5.4890391e-01   4.4383682e-01   4.5909412e-01   4.5909412e-01   5.9462101e-01   5.9101390e-01   9.6603257e-02   7.4056327e-01   4.1296316e-01   9.6603257e-02   5.8168951e-01   4.9505870e-01   5.1990640e-01   4.5106163e-01   5.7722684e-01   6.9336580e-01   9.6603257e-02   9.6603257e-02
   4.6854034e-01   5.1173339e-01   2.6263954e-01   2.6120974e-01   6.2901259e-01   4.5135086e-01   3.1106074e-01   5.7287778e-01   3.9893029e-01   9.6603257e-02   3.7830273e-01   1.6101671e-01   3.9893029e-01   3.4319680e-01   3.0419213e-01   3.6805730e-01   9.6603257e-02   3.4767909e-01
   4.0268723e-01   7.2294551e-01   4.1060845e-01   4.7232224e-01   5.0000000e-01   4.1060845e-01   9.6603257e-02   4.8566424e-01   5.1980201e-01   9.6603257e-02   3.1582145e-01   3.5790740e-01   3.0596611e-01   2.5215459e-01   4.1060845e-01   2.7047054e-01   9.6603257e-02   9.6603257e-02
   5.2099925e-01   5.2545355e-01   3.8948654e-01   4.0327592e-01   6.9641981e-01   3.4179919e-01   9.6603257e-02   4.8430139e-01   3.4778514e-01   9.6603257e-02   3.6549639e-01   3.2674479e-01   3.2674479e-01   4.4779036e-01   4.0818276e-01   4.3679518e-01   4.0327592e-01   9.6603257e-02
   5.5386735e-01   4.6889702e-01   3.3301768e-01   3.6047370e-01   6.4246045e-01   4.3231402e-01   9.6603257e-02   6.2599870e-01   4.7333872e-01   3.1930068e-01   3.8244159e-01   9.6603257e-02   5.6457463e-01   4.6975093e-01   4.3354382e-01   4.7913215e-01   9.6603257e-02   3.1930068e-01
   7.2269641e-01   6.1775173e-01   3.4707340e-01   3.4707340e-01   4.5249106e-01   3.4990138e-01   9.6603257e-02   4.4587562e-01   3.4324203e-01   9.6603257e-02   9.6603257e-02   3.1405982e-01   3.4707340e-01   4.8796831e-01   4.9709338e-01   7.0587756e-01   9.6603257e-02   9.6603257e-02
   5.7324544e-01   5.0532703e-01   3.7684167e-01   3.9874778e-01   6.9149575e-01   3.4990138e-01   9.6603257e-02   5.4714164e-01   3.9874778e-01   9.6603257e-02   3.3867706e-01   3.4990138e-01   3.3867706e-01   4.0556798e-01   4.2936860e-01   4.9824427e-01   3.2677605e-01   9.6603257e-02
   5.2998518e-01   4.5654203e-01   3.0831821e-01   3.9275479e-01   7.0841736e-01   4.4478204e-01   9.6603257e-02   6.9862871e-01   4.0424548e-01   9.6603257e-02   9.6603257e-02   9.6603257e-02   9.6603257e-02   5.7340139e-01   5.8172257e-01   4.3538834e-01   1.7551198e-01   9.6603257e-02
   4.2575376e-01   5.2636672e-01   3.9125970e-01   4.2277206e-01   6.4801605e-01   4.3935607e-01   9.6603257e-02   5.1557720e-01   4.1447346e-01   9.6603257e-02   3.4360080e-01   3.4862446e-01   3.2093275e-01   3.1942231e-01   4.1229545e-01   4.1383881e-01   2.7390249e-01   1.6587258e-01
   4.1563838e-01   3.8312666e-01   3.5145134e-01   3.3024145e-01   6.3764078e-01   3.0608918e-01   9.6603257e-02   6.9382788e-01   3.5787296e-01   9.6603257e-02   2.7400686e-01   4.2063368e-01   5.0167117e-01   4.7932661e-01   4.4603917e-01   3.8345243e-01   9.6603257e-02   9.6603257e-02
   4.1432209e-01   4.7051905e-01   3.4147933e-01   4.2513401e-01   5.2287697e-01   3.6008156e-01   1.5775240e-01   5.2175203e-01   3.3868058e-01   9.6603257e-02   3.0973413e-01   3.5358280e-01   3.1798003e-01   3.8041845e-01   3.8566662e-01   4.1232289e-01   2.8290906e-01   2.7642554e-01
   5.6667861e-01   4.8796831e-01   9.6603257e-02   5.0839074e-01   5.0986062e-01   4.6401668e-01   9.6603257e-02   5.5345898e-01   3.6691708e-01   9.6603257e-02   2.6507656e-01   5.0839074e-01   3.6691708e-01   3.8075490e-01   4.4920383e-01   5.9963155e-01   3.2344396e-01   9.6603257e-02
   4.6083408e-01   3.9859788e-01   4.6236640e-01   4.4555570e-01   6.1245039e-01   2.9183792e-01   9.6603257e-02   4.4956548e-01   4.4561382e-01   9.6603257e-02   3.5273798e-01   2.9224661e-01   2.7396628e-01   3.4282157e-01   4.0424548e-01   3.9524585e-01   3.3535680e-01   9.6603257e-02
   5.1768670e-01   5.1768670e-01   4.9909687e-01   4.1735724e-01   6.0527838e-01   4.8423120e-01   9.6603257e-02   5.0520486e-01   4.2273383e-01   9.6603257e-02   9.6603257e-02   3.4594287e-01   9.6603257e-02   4.9088463e-01   3.8522010e-01   5.2450722e-01   9.6603257e-02   9.6603257e-02
   6.0390748e-01   6.1816781e-01   3.2456515e-01   3.5160860e-01   5.9238813e-01   4.0380081e-01   9.6603257e-02   6.0243275e-01   4.4052988e-01   9.6603257e-02   3.6229816e-01   9.6603257e-02   3.3260049e-01   4.8423120e-01   4.3271095e-01   7.1267630e-01   9.6603257e-02   9.6603257e-02
   5.2154470e-01   5.7962027e-01   4.8605144e-01   4.8605144e-01   6.6732247e-01   5.0104767e-01   9.6603257e-02   6.3188639e-01   4.2910536e-01   9.6603257e-02   3.6493483e-01   9.6603257e-02   3.9867704e-01   4.1775833e-01   4.0718924e-01   5.3258792e-01   3.0028557e-01   9.6603257e-02
   5.7347280e-01   5.7130442e-01   5.0442141e-01   5.6808405e-01   6.8338909e-01   5.2964414e-01   9.6603257e-02   2.8046288e-01   3.2661565e-01   9.6603257e-02   3.1192926e-01   1.8725732e-01   5.3438840e-01   5.0130965e-01   4.2565739e-01   4.8898079e-01   2.1365225e-01   9.6603257e-02
   4.5903249e-01   5.0660845e-01   3.5546364e-01   3.9319036e-01   5.2131009e-01   3.9319036e-01   9.6603257e-02   6.3214790e-01   3.5546364e-01   9.6603257e-02   1.7304522e-01   3.4990138e-01   2.7752002e-01   3.5546364e-01   3.9396853e-01   3.5546364e-01   2.7752002e-01   9.6603257e-02
   5.4544356e-01   4.7181647e-01   3.0144695e-01   3.4331463e-01   7.0955351e-01   3.9497601e-01   9.6603257e-02   5.1874655e-01   4.1458811e-01   9.6603257e-02   3.2053361e-01   5.0570797e-01   3.2319521e-01   4.6941847e-01   4.0703687e-01   5.2892178e-01   3.1969019e-01   9.6603257e-02
   5.7997025e-01   5.5433768e-01   3.2845153e-01   4.3507665e-01   5.6365883e-01   5.0875689e-01   9.6603257e-02   6.1013857e-01   3.9528908e-01   9.6603257e-02   4.3956667e-01   5.2768888e-01   3.2845153e-01   4.8502304e-01   4.7566624e-01   7.1228300e-01   9.6603257e-02   9.6603257e-02
   7.1282679e-01   7.1227620e-01   3.9006778e-01   4.1285973e-01   5.0000000e-01   4.5611298e-01   9.6603257e-02   5.5150427e-01   4.6397819e-01   9.6603257e-02   9.6603257e-02   9.6603257e-02   4.1836618e-01   4.7292731e-01   5.7772619e-01   5.3675674e-01   9.6603257e-02   9.6603257e-02
   4.5909412e-01   5.9176759e-01   3.8479941e-01   3.2661565e-01   4.9208819e-01   4.9505870e-01   5.1456244e-01   7.3443052e-01   6.5920424e-01   9.6603257e-02   3.6616131e-01   4.2033766e-01   3.7208840e-01   4.7296378e-01   4.5157793e-01   4.6153500e-01   9.6603257e-02   9.6603257e-02
   6.8178449e-01   6.5423439e-01   5.3855835e-01   5.3855835e-01   6.1109298e-01   2.9853756e-01   9.6603257e-02   3.4990138e-01   5.8172257e-01   9.6603257e-02   9.6603257e-02   9.6603257e-02   3.5920541e-01   5.2319641e-01   5.7621666e-01   5.8285852e-01   9.6603257e-02   9.6603257e-02
   5.7149650e-01   6.3666562e-01   3.4331463e-01   3.7438974e-01   5.7517005e-01   4.3352604e-01   9.6603257e-02   7.4064262e-01   4.3178975e-01   9.6603257e-02   4.0126772e-01   4.5373571e-01   4.8796817e-01   5.9575452e-01   6.8196705e-01   5.4467862e-01   9.6603257e-02   9.6603257e-02
   4.5365726e-01   4.6599429e-01   9.6603257e-02   1.7741296e-01   7.0310862e-01   4.2323998e-01   9.6603257e-02   5.2568088e-01   4.0396840e-01   9.6603257e-02   3.0382452e-01   1.5944506e-01   3.4656249e-01   5.3343775e-01   3.2360411e-01   3.8369944e-01   9.6603257e-02   3.4656249e-01
   4.5155085e-01   5.4467862e-01   4.0126772e-01   4.0126772e-01   6.3828751e-01   4.1016851e-01   9.6603257e-02   5.4893837e-01   3.2555538e-01   9.6603257e-02   3.2555538e-01   4.0126772e-01   9.6603257e-02   4.1016851e-01   3.6333438e-01   4.8871783e-01   9.6603257e-02   9.6603257e-02
   7.2627735e-01   4.5672790e-01   3.0940712e-01   9.6603257e-02   7.0802690e-01   5.4187722e-01   9.6603257e-02   4.6892013e-01   3.3324097e-01   9.6603257e-02   4.2517770e-01   3.5767214e-01   4.2665831e-01   3.6699582e-01   4.3179637e-01   6.4179584e-01   9.6603257e-02   9.6603257e-02
   6.6038056e-01   6.1300916e-01   3.2517879e-01   3.8413024e-01   5.1450817e-01   3.8413024e-01   9.6603257e-02   5.8617654e-01   4.2482684e-01   9.6603257e-02   3.3192023e-01   3.3739217e-01   3.3192023e-01   4.9837511e-01   5.4931016e-01   6.3765265e-01   9.6603257e-02   9.6603257e-02
   5.5345898e-01   7.2269641e-01   3.7511679e-01   4.4317063e-01   6.2150258e-01   3.4324203e-01   9.6603257e-02   4.9709338e-01   4.4317063e-01   9.6603257e-02   3.5020545e-01   3.4707340e-01   3.8276461e-01   4.7305210e-01   5.1035735e-01   6.2453754e-01   9.6603257e-02   9.6603257e-02
   4.3224519e-01   4.1806646e-01   4.1806646e-01   4.1806646e-01   6.5838658e-01   4.1806646e-01   9.6603257e-02   6.2819893e-01   4.3224519e-01   9.6603257e-02   4.3679518e-01   4.0831964e-01   4.7768406e-01   4.7749021e-01   3.3073493e-01   5.2129957e-01   9.6603257e-02   9.6603257e-02
   5.5752495e-01   5.6276987e-01   9.6603257e-02   2.7392745e-01   6.5009862e-01   4.1735724e-01   9.6603257e-02   4.9588717e-01   5.3867692e-01   9.6603257e-02   4.6146282e-01   9.6603257e-02   4.6146282e-01   4.7815622e-01   4.6146282e-01   3.4990138e-01   9.6603257e-02   4.6146282e-01
   5.9719528e-01   5.6901297e-01   2.5215459e-01   1.8746991e-01   4.5892035e-01   3.9874778e-01   9.6603257e-02   3.8419873e-01   2.6514606e-01   9.6603257e-02   9.6603257e-02   1.5243801e-01   3.5763358e-01   2.8396274e-01   4.6278837e-01   6.6253612e-01   9.6603257e-02   9.6603257e-02
   5.6594215e-01   5.7367253e-01   3.6620355e-01   4.1710136e-01   6.3304099e-01   3.4195980e-01   9.6603257e-02   5.7557724e-01   4.1022470e-01   3.0119103e-01   3.2782894e-01   3.3453632e-01   3.0698413e-01   4.4472395e-01   4.5358985e-01   4.3423925e-01   3.2452369e-01   2.9284898e-01
   6.0053528e-01   6.2910099e-01   4.1017150e-01   3.5664934e-01   5.8224528e-01   4.3542693e-01   4.0740328e-01   5.3389206e-01   5.0891372e-01   9.6603257e-02   3.3560775e-01   3.8817628e-01   9.6603257e-02   3.9165108e-01   4.2587836e-01   4.0946201e-01   9.6603257e-02   3.4092592e-01
   4.7973721e-01   4.4694119e-01   3.2026832e-01   3.4413164e-01   5.4493271e-01   4.2121563e-01   9.6603257e-02   6.2962258e-01   3.3133247e-01   9.6603257e-02   2.9954401e-01   3.1022427e-01   3.2754148e-01   4.8455355e-01   3.6500670e-01   5.1554960e-01   3.2989819e-01   9.6603257e-02
   6.1539588e-01   5.2396449e-01   3.8508629e-01   3.4266326e-01   6.0121577e-01   4.3538834e-01   3.8508629e-01   6.3251912e-01   4.3865623e-01   9.6603257e-02   3.4454945e-01   2.8703874e-01   4.1230403e-01   4.2878513e-01   4.7632819e-01   4.4333029e-01   3.5511503e-01   9.6603257e-02
   6.1456076e-01   5.5520945e-01   3.4880510e-01   4.0178065e-01   6.2346826e-01   3.6055939e-01   4.9428669e-01   5.2896668e-01   4.4434805e-01   9.6603257e-02   3.4714891e-01   3.4038453e-01   3.2349682e-01   4.1815972e-01   4.6268172e-01   5.0746251e-01   3.0953673e-01   2.7359077e-01
   5.0329087e-01   4.6854034e-01   3.0484964e-01   3.5405567e-01   5.8957007e-01   4.0933123e-01   3.0484964e-01   5.0329087e-01   3.7997873e-01   9.6603257e-02   3.0484964e-01   3.4015451e-01   3.5405567e-01   4.1885888e-01   3.8155820e-01   6.0449957e-01   9.6603257e-02   9.6603257e-02
   6.4909574e-01   6.5009862e-01   5.9313209e-01   5.9313209e-01   7.0694254e-01   5.6641984e-01   9.6603257e-02   5.8394450e-01   6.3138389e-01   9.6603257e-02   3.6100170e-01   9.6603257e-02   4.0417318e-01   3.5205956e-01   4.8014864e-01   6.5406055e-01   9.6603257e-02   3.5469318e-01
   6.7682479e-01   5.8529999e-01   4.0346909e-01   4.0544790e-01   6.0465701e-01   4.4297978e-01   2.8067211e-01   5.5762800e-01   4.0324230e-01   9.6603257e-02   3.3335004e-01   2.9466704e-01   3.5120045e-01   4.0477239e-01   4.5955632e-01   5.3400193e-01   3.0624438e-01   3.0690467e-01
   5.0604943e-01   4.4603917e-01   3.1251205e-01   3.1251205e-01   3.0972134e-01   3.7716824e-01   9.6603257e-02   7.1481693e-01   3.1251205e-01   9.6603257e-02   9.6603257e-02   9.6603257e-02   4.0457036e-01   4.0457036e-01   2.5566017e-01   6.5886869e-01   9.6603257e-02   9.6603257e-02
   5.5949884e-01   5.2744673e-01   2.8105019e-01   3.4063336e-01   4.2195340e-01   4.2814128e-01   9.6603257e-02   6.4009266e-01   3.9524585e-01   9.6603257e-02   2.7305922e-01   3.1876166e-01   3.6333438e-01   3.9846045e-01   4.1987254e-01   4.5823788e-01   3.4394733e-01   9.6603257e-02
   6.1106515e-01   5.3742224e-01   4.4453312e-01   3.5754396e-01   7.2192261e-01   4.3989891e-01   9.6603257e-02   4.7389547e-01   4.3271095e-01   9.6603257e-02   3.2268873e-01   3.3454175e-01   3.3620135e-01   3.9548243e-01   5.0163338e-01   4.1714148e-01   3.2470329e-01   9.6603257e-02
   4.0338741e-01   4.5860158e-01   3.6438287e-01   3.5704118e-01   6.6132974e-01   3.6795291e-01   2.8274440e-01   5.6077738e-01   4.3093877e-01   9.6603257e-02   3.1682620e-01   3.1272252e-01   3.2200364e-01   4.8354194e-01   3.8981304e-01   3.9534738e-01   3.1261314e-01   9.6603257e-02
   5.6972526e-01   4.5285956e-01   2.7359012e-01   3.3796243e-01   6.2642623e-01   5.3258792e-01   9.6603257e-02   6.0619938e-01   4.4906446e-01   9.6603257e-02   4.1494148e-01   3.0028557e-01   3.0028557e-01   3.8707389e-01   4.1588490e-01   6.2613465e-01   9.6603257e-02   9.6603257e-02
   5.8920420e-01   6.7759193e-01   6.0694002e-01   4.4482521e-01   5.1690051e-01   3.2926638e-01   9.6603257e-02   5.8096252e-01   6.2771084e-01   9.6603257e-02   3.2674479e-01   9.6603257e-02   3.2674479e-01   4.3327884e-01   5.1019131e-01   3.6874884e-01   9.6603257e-02   3.2926638e-01
   6.5406055e-01   6.1400208e-01   3.5469318e-01   3.5469318e-01   4.0424548e-01   3.8810606e-01   9.6603257e-02   5.8939212e-01   3.5205956e-01   9.6603257e-02   9.6603257e-02   9.6603257e-02   3.8810606e-01   4.8898079e-01   4.3485114e-01   7.1120584e-01   9.6603257e-02   9.6603257e-02
   5.7433551e-01   5.0814049e-01   3.0932550e-01   4.4665768e-01   6.5395724e-01   3.4423906e-01   9.6603257e-02   3.4237415e-01   3.0891746e-01   9.6603257e-02   2.5215459e-01   2.6405962e-01   9.6603257e-02   3.7408835e-01   4.5651270e-01   4.1240548e-01   5.0164745e-01   9.6603257e-02
   5.4831902e-01   5.7256335e-01   3.4778514e-01   4.3795563e-01   6.6221120e-01   9.6603257e-02   9.6603257e-02   4.7155422e-01   4.2357448e-01   9.6603257e-02   2.5215459e-01   3.4778514e-01   3.6150476e-01   4.5471807e-01   4.2357448e-01   4.1347294e-01   9.6603257e-02   9.6603257e-02
   4.7688107e-01   3.5171330e-01   2.9002415e-01   3.2123477e-01   7.5183056e-01   5.1574946e-01   9.6603257e-02   4.0091018e-01   3.4948078e-01   9.6603257e-02   3.1390947e-01   5.1211515e-01   5.1211515e-01   3.8718446e-01   3.7103114e-01   3.9450797e-01   9.6603257e-02   9.6603257e-02
   3.5609265e-01   4.8808471e-01   2.7418930e-01   4.3318953e-01   5.2707269e-01   4.8229858e-01   9.6603257e-02   6.8512472e-01   3.6434418e-01   9.6603257e-02   3.1390947e-01   2.7418930e-01   3.1390947e-01   6.6054371e-01   5.0731110e-01   4.8229858e-01   9.6603257e-02   9.6603257e-02
   5.1149186e-01   4.5399396e-01   4.3133943e-01   3.2237335e-01   4.8184939e-01   3.3392586e-01   9.6603257e-02   5.1405976e-01   3.0357759e-01   9.6603257e-02   3.0932170e-01   4.3336459e-01   3.7631037e-01   3.3473616e-01   4.6296284e-01   5.2069523e-01   3.3670584e-01   9.6603257e-02
   5.6821110e-01   5.0622663e-01   9.6603257e-02   2.6174445e-01   6.1460687e-01   4.9386326e-01   9.6603257e-02   6.1460687e-01   3.3899391e-01   9.6603257e-02   9.6603257e-02   9.6603257e-02   3.4921489e-01   4.0448073e-01   4.6782713e-01   4.7736571e-01   9.6603257e-02   9.6603257e-02
