   2.8232187e-01   2.8247315e-01   3.2577343e-01   3.2577343e-01   5.7618719e-01   4.8483948e-01   2.6145651e-01   7.3531212e-01   3.3651628e-01   4.2401272e-01   2.8895543e-01   2.9477608e-01   3.8607294e-01   5.6729478e-01   2.7289947e-01   4.0000587e-01   3.7889764e-01   3.3560635e-01
   4.6495081e-01   4.3777038e-01   3.5364631e-01   3.5029074e-01   4.7151863e-01   5.0266286e-01   4.2843025e-01   7.1875989e-01   3.5500394e-01   3.1309519e-01   4.2355911e-01   3.0803592e-01   3.8997782e-01   3.8670956e-01   4.5741377e-01   5.1787084e-01   3.4677560e-01   3.4076982e-01
   5.1001974e-01   3.6512100e-01   3.1969397e-01   3.1758330e-01   5.7651189e-01   6.3664034e-01   4.9886345e-01   7.3673426e-01   4.0525531e-01   3.3867706e-01   2.7495384e-01   1.2212250e-01   5.1054904e-01   5.3716396e-01   4.3910173e-01   5.9780472e-01   3.4281020e-01   3.1009542e-01
   4.7311766e-01   4.1333815e-01   2.9735057e-01   3.1241876e-01   5.4254798e-01   4.2412685e-01   2.7346168e-01   5.9186421e-01   3.5182125e-01   3.0085542e-01   3.4006312e-01   2.7652674e-01   3.4193505e-01   3.9958745e-01   3.9637178e-01   4.9386799e-01   3.1812927e-01   3.0943187e-01
   5.4534634e-01   5.7495783e-01   3.2927474e-01   3.2524180e-01   7.3742641e-01   4.6528458e-01   3.8673827e-01   6.7822778e-01   3.6561746e-01   9.6603257e-02   2.9675741e-01   2.5215459e-01   3.2902687e-01   5.4095979e-01   4.0529355e-01   4.6715668e-01   3.2524180e-01   4.7242469e-01
   5.2449667e-01   4.5577924e-01   3.5620926e-01   3.8494825e-01   5.5564679e-01   4.3677296e-01   2.6927980e-01   6.2447344e-01   3.7385585e-01   3.0481120e-01   3.3962755e-01   3.7388911e-01   3.2457447e-01   4.1791919e-01   3.6926077e-01   4.8779159e-01   3.3099455e-01   3.3582715e-01
   3.9894749e-01   3.3785224e-01   2.9509068e-01   3.1544981e-01   5.6982089e-01   3.8162934e-01   5.0268088e-01   7.2584455e-01   3.5258303e-01   3.1447257e-01   3.1869332e-01   9.6603257e-02   3.9404947e-01   3.9894749e-01   3.1107309e-01   4.8868647e-01   3.0132588e-01   3.1544981e-01
   3.4418802e-01   3.2714863e-01   4.2556703e-01   3.3091558e-01   6.1630056e-01   4.7149910e-01   4.9490177e-01   7.5003209e-01   3.9911510e-01   4.1822120e-01   4.9877162e-01   3.0996648e-01   4.5659160e-01   4.8087630e-01   3.3882669e-01   4.3275021e-01   3.5261050e-01   4.9441588e-01
   5.2800694e-01   4.7216002e-01   2.8746774e-01   3.2660921e-01   5.5853916e-01   4.0061377e-01   2.7846937e-01   5.6069821e-01   3.6247137e-01   2.6992135e-01   3.6193019e-01   2.9759979e-01   3.4646561e-01   4.1044040e-01   4.2291673e-01   5.3498289e-01   3.2611842e-01   3.0856894e-01
   3.8263207e-01   3.5520811e-01   2.7599284e-01   2.6916604e-01   4.8092128e-01   4.8409426e-01   4.9503587e-01   6.9434695e-01   3.2285810e-01   3.1020703e-01   3.6619429e-01   2.8786918e-01   3.8240599e-01   4.7761251e-01   3.3416158e-01   5.3330028e-01   3.8240599e-01   3.1501567e-01
   4.2395998e-01   4.3312526e-01   3.4642911e-01   3.0073853e-01   6.5261042e-01   4.1802919e-01   3.6950270e-01   6.7188953e-01   3.7794906e-01   9.6603257e-02   3.1211552e-01   3.6035241e-01   3.5555163e-01   4.4890561e-01   3.6432748e-01   4.4118465e-01   2.7722091e-01   2.6752114e-01
   5.7233021e-01   4.8371585e-01   9.6603257e-02   9.6603257e-02   5.2047925e-01   5.0962477e-01   5.1333512e-01   7.5199057e-01   9.6603257e-02   9.6603257e-02   9.6603257e-02   4.6236640e-01   5.0962477e-01   5.4085263e-01   5.3166314e-01   1.6750988e-01   7.4072457e-01   5.0962477e-01
   3.1413055e-01   3.2791020e-01   2.9863972e-01   3.4821127e-01   5.1933300e-01   4.0406231e-01   2.9378242e-01   7.2695609e-01   3.2399842e-01   2.7535220e-01   3.3464898e-01   3.0009892e-01   3.4921878e-01   4.4848501e-01   2.6042036e-01   3.8153370e-01   3.5844447e-01   4.6752932e-01
   3.8090254e-01   4.7001532e-01   9.6603257e-02   3.1719878e-01   6.5009862e-01   5.0334780e-01   3.1719878e-01   7.5383086e-01   4.9827253e-01   4.8164811e-01   3.6863268e-01   9.6603257e-02   4.9505864e-01   5.8034815e-01   4.2725954e-01   4.9141975e-01   3.3940521e-01   3.1719878e-01
   4.5305242e-01   4.5922145e-01   3.4587954e-01   3.6334898e-01   5.7671442e-01   3.9278834e-01   2.8154814e-01   6.0421092e-01   3.8807026e-01   2.6629658e-01   3.3340117e-01   3.4101117e-01   3.4683659e-01   4.2338304e-01   3.9607487e-01   4.0860087e-01   3.7673495e-01   3.0662233e-01
   3.4990138e-01   4.1060845e-01   3.4172040e-01   3.4990138e-01   5.1576510e-01   5.3078963e-01   5.2142544e-01   7.2751450e-01   4.2143597e-01   9.6603257e-02   3.7097271e-01   9.6603257e-02   4.6921037e-01   3.8866909e-01   2.5215459e-01   5.2091020e-01   9.6603257e-02   9.6603257e-02
   4.6854034e-01   4.0946201e-01   3.5020545e-01   2.7385462e-01   6.4979455e-01   4.5485027e-01   3.2344396e-01   7.0587756e-01   3.3043487e-01   9.6603257e-02   3.3043487e-01   9.6603257e-02   3.5235081e-01   4.2718373e-01   4.6608973e-01   5.1360209e-01   3.3043487e-01   9.6603257e-02
   3.9032246e-01   3.8121325e-01   3.2593827e-01   3.4316006e-01   5.6586335e-01   3.9285668e-01   3.1186064e-01   6.0870167e-01   3.3514063e-01   9.6603257e-02   3.1186064e-01   3.2593827e-01   3.5040469e-01   4.1344658e-01   3.2689085e-01   4.6269969e-01   3.0441670e-01   2.8945676e-01
   4.0527047e-01   4.4909665e-01   3.9123050e-01   3.3341073e-01   5.6214382e-01   4.4876711e-01   9.6603257e-02   6.9451279e-01   4.3504602e-01   4.9540851e-01   3.2081073e-01   3.6891063e-01   3.4514318e-01   4.1344658e-01   3.6466739e-01   4.0910311e-01   3.3860080e-01   3.0525614e-01
   3.9744617e-01   3.6175899e-01   2.1389602e-01   2.8908801e-01   6.5106143e-01   4.5086963e-01   3.1467574e-01   7.2407563e-01   3.5947101e-01   2.7035621e-01   3.3267638e-01   3.0914922e-01   3.9450797e-01   4.8888561e-01   3.7675076e-01   4.5155085e-01   3.4854664e-01   9.6603257e-02
   3.8272354e-01   3.9372686e-01   3.2055762e-01   3.4334782e-01   5.8643114e-01   3.8481137e-01   5.1987330e-01   7.2949403e-01   3.4546956e-01   9.6603257e-02   3.2760893e-01   2.9767223e-01   3.2055762e-01   5.4154896e-01   3.4011259e-01   5.0368260e-01   3.1719878e-01   9.6603257e-02
   4.7821621e-01   4.1840762e-01   2.6595789e-01   2.9332012e-01   4.7762597e-01   4.2239550e-01   2.6595789e-01   7.1252644e-01   3.2152096e-01   2.6595789e-01   3.3091040e-01   2.8530342e-01   3.2933126e-01   4.4483847e-01   3.8881997e-01   5.3034860e-01   3.8963384e-01   3.0277750e-01
   3.9139739e-01   4.1125093e-01   3.1772357e-01   3.5274360e-01   6.5039025e-01   4.5704195e-01   4.9294949e-01   7.2247592e-01   3.8420206e-01   4.6020951e-01   3.5387356e-01   3.3502211e-01   3.8015109e-01   4.5076927e-01   3.7067914e-01   4.6179422e-01   3.3364957e-01   2.3247238e-01
   4.1622926e-01   3.7729684e-01   3.4572810e-01   3.4473117e-01   5.0534697e-01   4.8103160e-01   3.7728713e-01   6.8009521e-01   3.6835190e-01   3.1130409e-01   2.9456243e-01   3.3455471e-01   3.9737041e-01   4.1927186e-01   3.7490739e-01   4.6659222e-01   3.3745353e-01   2.6393973e-01
   3.4990138e-01   3.4738030e-01   2.7543222e-01   2.8783869e-01   4.9231467e-01   4.1408826e-01   3.1785793e-01   6.4515824e-01   3.5349142e-01   2.7965889e-01   3.4211401e-01   2.9723486e-01   3.5219194e-01   3.5972964e-01   3.5693662e-01   4.0043324e-01   3.2382884e-01   2.9089933e-01
   2.8847671e-01   2.6257846e-01   2.5215459e-01   2.6016771e-01   7.2256930e-01   4.4869268e-01   9.6603257e-02   5.6259438e-01   3.2774498e-01   4.9705909e-01   9.6603257e-02   3.0966600e-01   3.3368775e-01   5.2255760e-01   2.4375385e-01   4.1811203e-01   2.5215459e-01   2.8561875e-01
   2.9853756e-01   2.5215459e-01   9.6603257e-02   9.6603257e-02   4.8913731e-01   6.0136418e-01   9.6603257e-02   5.6736946e-01   3.4319680e-01   6.3830626e-01   3.5273798e-01   3.3833431e-01   6.3056750e-01   4.9619891e-01   2.7582849e-01   5.8835083e-01   9.6603257e-02   9.6603257e-02
   5.0472857e-01   4.9072743e-01   3.3757105e-01   3.4819113e-01   6.0056632e-01   4.2593565e-01   2.7389765e-01   5.6677855e-01   4.1487387e-01   2.7389765e-01   3.4541561e-01   3.3337183e-01   3.4618175e-01   4.1961944e-01   3.9174904e-01   4.5244794e-01   3.0436881e-01   3.0347191e-01
   4.8862847e-01   5.0592442e-01   3.7156722e-01   4.0558429e-01   6.4906212e-01   4.2240399e-01   3.2380847e-01   6.1095140e-01   4.3074354e-01   4.2216750e-01   3.3820577e-01   3.2641337e-01   3.5099445e-01   4.4609055e-01   4.1922582e-01   4.5764668e-01   3.0735829e-01   2.6670184e-01
   4.7083613e-01   4.0511653e-01   3.2933377e-01   3.2397251e-01   5.5685897e-01   3.9690850e-01   2.6105538e-01   6.4894204e-01   3.4305353e-01   3.1708473e-01   3.5886243e-01   3.3550536e-01   3.6294486e-01   4.3366340e-01   3.7814919e-01   5.0544430e-01   3.4698159e-01   3.1579109e-01
   3.6914737e-01   3.5771492e-01   3.7027345e-01   3.6485063e-01   5.7249864e-01   4.1500007e-01   4.9476010e-01   6.4014603e-01   3.5361845e-01   3.0435110e-01   3.1505186e-01   4.2092239e-01   3.2936489e-01   4.8090363e-01   3.3060175e-01   4.8462973e-01   3.2558504e-01   2.7512539e-01
   5.6104056e-01   4.8631411e-01   3.5279558e-01   3.5959003e-01   5.0433531e-01   4.2320042e-01   3.6062560e-01   5.9828796e-01   3.9835443e-01   2.7512539e-01   2.7963766e-01   3.4821057e-01   3.6117821e-01   3.6630270e-01   4.5614107e-01   4.5456890e-01   3.6718733e-01   3.1256100e-01
   4.1446202e-01   3.3024145e-01   3.4656249e-01   2.7563909e-01   4.2106704e-01   4.6225777e-01   9.6603257e-02   6.7717692e-01   3.9469919e-01   3.7628085e-01   2.5219883e-01   9.6603257e-02   5.5847689e-01   4.7650175e-01   4.7076518e-01   5.8858750e-01   1.5944506e-01   2.7367945e-01
   3.3796243e-01   3.4990138e-01   3.4338292e-01   3.5794957e-01   6.2642623e-01   5.2253978e-01   5.8304139e-01   7.0996939e-01   3.3205351e-01   9.6603257e-02   9.6603257e-02   3.0714622e-01   3.7262844e-01   4.4526731e-01   3.0714622e-01   3.7262844e-01   2.5215459e-01   5.2253978e-01
   3.9234872e-01   4.4107339e-01   3.5735479e-01   3.4145372e-01   5.6398239e-01   4.3214391e-01   4.4143574e-01   5.4139287e-01   3.4145372e-01   9.6603257e-02   3.0110039e-01   3.0811672e-01   3.0605018e-01   4.2785351e-01   3.7660576e-01   4.8848250e-01   3.2226601e-01   3.3614141e-01
   4.9338217e-01   4.6078891e-01   3.0245727e-01   3.1180673e-01   5.1267678e-01   4.8174004e-01   3.1422802e-01   5.7664561e-01   3.6952718e-01   2.8518582e-01   2.8602407e-01   2.7063684e-01   3.6207820e-01   4.0860087e-01   4.3679518e-01   5.2331737e-01   3.2086356e-01   1.5775240e-01
   3.8422654e-01   3.7781217e-01   3.1547366e-01   3.1343877e-01   6.0184201e-01   3.9573243e-01   3.5523901e-01   7.2039991e-01   3.2858658e-01   3.0998597e-01   3.0478469e-01   3.1236441e-01   3.3246340e-01   4.8040249e-01   3.4467532e-01   4.1914422e-01   3.3609308e-01   2.9492041e-01
   4.3393726e-01   4.0564631e-01   3.2910253e-01   3.4007897e-01   5.7856403e-01   4.7747264e-01   5.1610603e-01   7.3540584e-01   3.2555538e-01   9.6603257e-02   2.9831371e-01   5.0149003e-01   3.5067113e-01   4.5914190e-01   3.0148050e-01   4.7104234e-01   4.5427648e-01   2.7294949e-01
   4.3189381e-01   4.1072139e-01   3.5508951e-01   2.7705117e-01   6.8609013e-01   4.2291995e-01   2.9477371e-01   6.8848452e-01   3.5903500e-01   2.9413286e-01   3.0323780e-01   3.0162566e-01   3.5551382e-01   4.5388641e-01   3.9217249e-01   4.3440603e-01   2.7414722e-01   2.7944635e-01
   5.5771436e-01   5.6092359e-01   3.1197253e-01   2.6159726e-01   5.0568261e-01   4.3569916e-01   4.3846837e-01   7.2625918e-01   5.7214649e-01   9.6603257e-02   3.1197253e-01   3.6127074e-01   5.3045035e-01   4.8395762e-01   4.0387237e-01   4.7518117e-01   2.8478418e-01   1.5366883e-01
   5.3701821e-01   4.8361555e-01   3.0899658e-01   3.1851095e-01   5.8426400e-01   4.7594706e-01   4.5370335e-01   6.4340490e-01   3.6708345e-01   2.8744270e-01   3.5758504e-01   2.9618783e-01   3.8055083e-01   3.9373851e-01   4.5763375e-01   5.3097691e-01   3.3132427e-01   2.6818575e-01
   5.3438840e-01   5.3438840e-01   9.6603257e-02   9.6603257e-02   5.3145966e-01   6.5009862e-01   5.3438840e-01   7.3854349e-01   3.5205956e-01   5.7465545e-01   3.5205956e-01   9.6603257e-02   4.8014864e-01   3.5205956e-01   2.7714452e-01   5.4973995e-01   9.6603257e-02   3.1925333e-01
   2.9078319e-01   3.7024629e-01   3.6909255e-01   3.6304878e-01   6.6975855e-01   4.1714148e-01   3.3065606e-01   5.5575482e-01   3.4903038e-01   9.6603257e-02   2.8965586e-01   3.3910466e-01   3.1684533e-01   3.8601314e-01   2.8504120e-01   4.1696279e-01   3.1314925e-01   3.1314925e-01
   5.3735844e-01   4.3024841e-01   1.6703495e-01   2.6909307e-01   6.3536698e-01   4.3809523e-01   9.6603257e-02   6.0046087e-01   2.6438748e-01   3.1049752e-01   3.3316807e-01   3.3043734e-01   2.8906979e-01   3.8011123e-01   4.5440409e-01   4.3288956e-01   3.4267771e-01   2.6797130e-01
   4.3198112e-01   4.1329427e-01   3.1409245e-01   3.1662174e-01   5.6344203e-01   4.3121846e-01   3.6681846e-01   6.7715577e-01   3.6723341e-01   3.8355898e-01   3.0598999e-01   3.0061353e-01   3.8105291e-01   4.4884522e-01   3.6961403e-01   4.7123196e-01   3.2989606e-01   2.9168908e-01
   3.8615344e-01   4.6713032e-01   3.3281640e-01   3.5084514e-01   5.1895146e-01   3.6100170e-01   2.7812642e-01   5.7184586e-01   4.0681641e-01   4.5285781e-01   3.0573422e-01   3.4311926e-01   3.4940646e-01   5.2370180e-01   3.2914444e-01   4.7088464e-01   3.2290761e-01   3.1857728e-01
   4.1730935e-01   4.1011626e-01   3.0110606e-01   3.2927189e-01   5.5112869e-01   4.9226988e-01   3.7345019e-01   7.4638880e-01   4.0735792e-01   3.4432133e-01   3.1010697e-01   3.6903650e-01   4.7390587e-01   5.7812848e-01   4.3248455e-01   4.9982854e-01   3.8476596e-01   3.1539923e-01
   5.1668261e-01   3.8369944e-01   3.3133207e-01   3.1566918e-01   4.3189803e-01   4.8680342e-01   3.0255844e-01   7.1614765e-01   3.3896929e-01   3.9749678e-01   2.9342098e-01   2.7251454e-01   4.0015464e-01   4.9676055e-01   3.6516830e-01   5.5370450e-01   3.5433120e-01   3.2057926e-01
   3.2804791e-01   3.8369944e-01   2.7849332e-01   2.7849332e-01   5.8285852e-01   4.4102049e-01   9.6603257e-02   7.0040422e-01   2.8119312e-01   4.7214800e-01   2.7849332e-01   2.7849332e-01   4.7214800e-01   3.8369944e-01   3.0932170e-01   4.5068984e-01   9.6603257e-02   5.4091201e-01
   2.6774324e-01   3.6360684e-01   2.5215459e-01   3.0017796e-01   5.5998595e-01   4.0643375e-01   3.2215275e-01   6.7643766e-01   3.2164942e-01   2.7310382e-01   2.7536399e-01   3.0024290e-01   3.3773043e-01   4.7666229e-01   3.0805350e-01   3.7979569e-01   3.3011376e-01   9.6603257e-02
   3.3620470e-01   4.1990675e-01   3.2879908e-01   3.1656078e-01   4.7163770e-01   4.2886452e-01   3.3689209e-01   6.4126891e-01   3.5006702e-01   2.8379374e-01   2.7266106e-01   3.2151361e-01   3.4524747e-01   4.2082536e-01   3.5050301e-01   3.9967095e-01   3.0205174e-01   2.8226112e-01
   3.4575055e-01   4.4171350e-01   3.7725819e-01   4.3770579e-01   6.0818362e-01   4.2405928e-01   3.9941415e-01   7.3886812e-01   3.8251600e-01   4.0448745e-01   3.4645873e-01   5.2895143e-01   4.1195597e-01   5.5614525e-01   3.2017375e-01   4.0658020e-01   3.8917754e-01   4.5984388e-01
   3.7775062e-01   3.9727891e-01   2.8119916e-01   3.5020545e-01   5.6072911e-01   3.8520176e-01   3.1405982e-01   7.1530214e-01   3.4324203e-01   2.5215459e-01   3.6121450e-01   3.6150476e-01   3.2926638e-01   4.4205868e-01   3.7200210e-01   3.9344417e-01   3.3387747e-01   9.6603257e-02
   3.0608918e-01   3.4356462e-01   3.0690956e-01   2.9123398e-01   5.8401811e-01   4.4692192e-01   4.2801207e-01   7.1834343e-01   3.6452892e-01   4.4210142e-01   3.4336422e-01   3.5273798e-01   3.2966448e-01   4.1714148e-01   4.0269176e-01   4.7628812e-01   3.5024433e-01   9.6603257e-02
   3.9517880e-01   3.8452194e-01   2.9423701e-01   3.4748824e-01   4.3697981e-01   3.8186808e-01   2.8167342e-01   6.2918165e-01   3.2031389e-01   2.8068822e-01   3.2631236e-01   3.0811355e-01   3.3319241e-01   3.5309540e-01   3.5413646e-01   3.7930414e-01   3.3569321e-01   2.9220030e-01
   3.3019506e-01   3.9368876e-01   3.5385802e-01   4.2833252e-01   6.9338821e-01   3.5592402e-01   4.5346240e-01   7.3358827e-01   3.8994599e-01   2.6838871e-01   3.3990234e-01   4.6363511e-01   3.2381696e-01   5.4923520e-01   3.1077197e-01   3.6272262e-01   3.3145695e-01   2.9224164e-01
   3.1294847e-01   3.3023257e-01   9.6603257e-02   3.1294847e-01   4.9961331e-01   3.4990138e-01   4.8908545e-01   7.8173164e-01   9.6603257e-02   2.7977504e-01   3.0690956e-01   2.9678123e-01   3.0122045e-01   5.4679853e-01   3.2331876e-01   3.7818851e-01   4.1012674e-01   9.6603257e-02
   5.0470238e-01   4.2068423e-01   3.9877918e-01   2.8437081e-01   4.0555001e-01   3.9566173e-01   2.7333099e-01   4.9495653e-01   2.8793429e-01   3.7701247e-01   3.5627462e-01   3.0198943e-01   3.6503943e-01   3.0065510e-01   4.2303701e-01   4.4481085e-01   2.8154181e-01   2.9374631e-01
   3.9652158e-01   3.7195802e-01   9.6603257e-02   3.0740644e-01   5.5574885e-01   4.7753068e-01   3.0740644e-01   7.4054500e-01   4.2636931e-01   3.1802886e-01   3.7694959e-01   5.0452041e-01   4.2065302e-01   4.8777990e-01   4.1164813e-01   4.6737426e-01   3.9563801e-01   4.8047440e-01
   4.8037573e-01   4.0131472e-01   3.0017544e-01   3.0882845e-01   6.3037225e-01   5.0584536e-01   3.2523363e-01   6.8234571e-01   3.4691684e-01   3.5689914e-01   3.0196785e-01   2.1389602e-01   3.6567715e-01   4.1075270e-01   3.5880554e-01   5.5957422e-01   4.7452023e-01   9.6603257e-02
   3.1676876e-01   3.0044897e-01   3.1351193e-01   2.9436977e-01   5.5871287e-01   3.9807603e-01   2.9692027e-01   5.4002580e-01   3.1165376e-01   3.9902179e-01   2.6832712e-01   3.3606337e-01   3.1019686e-01   4.0888149e-01   2.7387164e-01   3.4072911e-01   3.1598011e-01   2.9269713e-01
   3.6142938e-01   4.1962730e-01   4.4521390e-01   4.0834536e-01   6.4297895e-01   4.0478444e-01   4.5272070e-01   7.3539482e-01   3.8945844e-01   3.3174217e-01   2.8265120e-01   3.7930155e-01   3.6785077e-01   5.2398924e-01   3.4661712e-01   3.9134683e-01   3.5473649e-01   2.8071238e-01
   2.9526877e-01   3.3054744e-01   2.7314593e-01   3.4211720e-01   4.6524264e-01   4.1636695e-01   9.6603257e-02   7.2596554e-01   4.0785896e-01   3.1022686e-01   3.1548330e-01   3.4211720e-01   4.0840008e-01   4.5068984e-01   4.1005069e-01   4.8793048e-01   4.0120758e-01   3.0262775e-01
   4.2451922e-01   4.5189191e-01   3.0842122e-01   2.9704916e-01   5.5096140e-01   4.1099425e-01   5.0951746e-01   5.8501351e-01   4.2459471e-01   4.0826695e-01   4.1325840e-01   3.2456515e-01   4.1450951e-01   3.7208840e-01   4.3175262e-01   4.5125983e-01   3.8556275e-01   4.2589054e-01
   3.6247804e-01   3.2945619e-01   3.5352121e-01   4.0396474e-01   5.8864612e-01   3.3778880e-01   9.6603257e-02   5.5449516e-01   3.3284137e-01   3.2344396e-01   3.9303806e-01   3.2699967e-01   3.5170454e-01   3.0969582e-01   3.7979569e-01   3.2148019e-01   4.0404800e-01   2.9060758e-01
   5.4538128e-01   4.5868321e-01   3.6225133e-01   3.4722313e-01   5.1350037e-01   4.4028173e-01   3.0915116e-01   7.2041972e-01   3.7342641e-01   2.9005434e-01   3.4175037e-01   3.2706505e-01   3.5587645e-01   4.2998039e-01   4.0930509e-01   5.3796859e-01   3.3839537e-01   3.4743033e-01
   4.6441718e-01   4.1714148e-01   3.2441433e-01   3.9426109e-01   3.7660576e-01   3.3109598e-01   5.1389477e-01   7.1591849e-01   4.4922634e-01   9.6603257e-02   3.1717796e-01   3.2441433e-01   3.4447025e-01   5.1597534e-01   3.4444048e-01   3.8055192e-01   4.0304699e-01   3.4447025e-01
   4.7551508e-01   4.3924447e-01   3.3088395e-01   3.3445489e-01   5.5932634e-01   4.4595886e-01   3.0041756e-01   6.4899362e-01   3.9055987e-01   2.7879534e-01   3.3503221e-01   3.7834600e-01   3.9326676e-01   4.2338731e-01   3.9674034e-01   5.2790917e-01   3.1907168e-01   2.9258956e-01
   3.7955426e-01   4.1064664e-01   3.9948940e-01   3.7894219e-01   6.8515963e-01   4.9360538e-01   4.8985592e-01   7.4470598e-01   4.1560631e-01   5.0873548e-01   3.0739127e-01   5.1915796e-01   4.9104088e-01   6.3231952e-01   3.4632422e-01   4.5129003e-01   4.8699269e-01   4.6666562e-01
   4.3972756e-01   4.3724939e-01   3.0983744e-01   3.8674506e-01   6.2493078e-01   3.6462243e-01   9.6603257e-02   5.7114599e-01   3.9346772e-01   4.9910098e-01   3.3443432e-01   3.4291649e-01   3.4043134e-01   4.2948006e-01   3.6247874e-01   4.2514128e-01   3.8151116e-01   2.9799891e-01
   3.2822964e-01   3.5245499e-01   4.3201193e-01   3.7805393e-01   5.6873361e-01   4.5707209e-01   9.6603257e-02   7.2271136e-01   3.3208391e-01   4.5964013e-01   2.8789631e-01   3.7283244e-01   4.5839123e-01   5.7936630e-01   3.0060531e-01   4.6679244e-01   3.6670943e-01   2.9628195e-01
   4.1437094e-01   4.1463642e-01   3.1039528e-01   3.4697395e-01   4.5040331e-01   3.8799591e-01   2.6689751e-01   6.8169055e-01   3.3729736e-01   3.0329914e-01   3.2817440e-01   3.1980265e-01   3.4578238e-01   4.6417463e-01   3.7886983e-01   4.3872327e-01   3.7445849e-01   2.9369707e-01
   4.2774398e-01   4.0655664e-01   3.6134687e-01   3.4640207e-01   6.0999961e-01   4.6584624e-01   4.8185676e-01   7.2134361e-01   3.5356275e-01   4.1375413e-01   3.2902604e-01   3.5088340e-01   3.5894378e-01   4.0329437e-01   3.7271178e-01   4.7324503e-01   3.6479834e-01   3.0491588e-01
   4.9538052e-01   4.7965324e-01   3.2640362e-01   3.8076237e-01   5.3686608e-01   3.8485161e-01   2.6956063e-01   6.4395883e-01   3.4853778e-01   2.9726906e-01   3.3879304e-01   3.7918672e-01   3.2935917e-01   3.9805931e-01   4.1534572e-01   4.2028409e-01   4.1017644e-01   3.4562725e-01
   4.6614263e-01   4.1315666e-01   3.1602196e-01   2.9188966e-01   3.5781642e-01   3.8578778e-01   2.6850242e-01   5.6084531e-01   3.5665071e-01   2.6571655e-01   3.1258951e-01   2.8075979e-01   3.5591419e-01   3.7756747e-01   5.2391369e-01   4.3712477e-01   3.1436017e-01   2.7293160e-01
   3.7084527e-01   4.2371412e-01   3.3527551e-01   3.1881844e-01   4.8532455e-01   3.9235148e-01   3.0401997e-01   7.1046856e-01   3.8074609e-01   2.8810100e-01   3.1999599e-01   3.0947764e-01   3.5837044e-01   4.7924493e-01   3.4476682e-01   4.1888386e-01   3.3922130e-01   2.9004642e-01
   4.4566232e-01   4.6296284e-01   3.9505825e-01   4.1135712e-01   5.8459107e-01   3.9165108e-01   3.1785793e-01   6.7651485e-01   3.5664934e-01   9.6603257e-02   5.0439838e-01   3.9505825e-01   3.1710898e-01   5.2199190e-01   3.6838370e-01   5.2448316e-01   4.2597037e-01   3.0540025e-01
   4.4073513e-01   4.0971605e-01   3.0249559e-01   3.2604204e-01   6.5836019e-01   4.1922047e-01   9.6603257e-02   5.7654455e-01   3.6276961e-01   2.7025418e-01   3.5426505e-01   3.2236754e-01   3.5682218e-01   4.2795396e-01   3.7047052e-01   4.0588862e-01   3.2864988e-01   2.8304562e-01
   3.5626634e-01   2.7975030e-01   3.4295814e-01   3.2188816e-01   5.1450396e-01   4.4388452e-01   9.6603257e-02   5.8047364e-01   3.3772697e-01   4.7182882e-01   3.1689719e-01   3.2298803e-01   3.5053933e-01   3.7571087e-01   3.2295641e-01   4.0728747e-01   3.2682765e-01   3.0849053e-01
   2.9536530e-01   3.1786492e-01   2.8145700e-01   9.6603257e-02   3.9092578e-01   4.6854034e-01   4.6812864e-01   7.1400136e-01   2.4092105e-01   3.0374454e-01   3.4776404e-01   9.6603257e-02   3.7187338e-01   3.2337464e-01   3.4038861e-01   4.9866317e-01   4.4395199e-01   5.0197435e-01
   4.9253894e-01   3.8373809e-01   2.6685501e-01   2.5215459e-01   6.9124593e-01   3.9450014e-01   3.0215756e-01   4.8145757e-01   3.4094730e-01   2.9149060e-01   3.0637060e-01   2.9071561e-01   3.4669481e-01   5.7094487e-01   3.5445476e-01   4.4574848e-01   3.1608362e-01   2.9149060e-01
   3.5382868e-01   4.0067002e-01   2.8553184e-01   3.0004485e-01   6.5621467e-01   4.9525678e-01   4.7034412e-01   6.8208077e-01   3.4930154e-01   4.5013202e-01   3.4056883e-01   2.7321547e-01   4.1381343e-01   3.9356483e-01   4.0805274e-01   4.6023897e-01   3.6146631e-01   2.8974517e-01
   3.4219247e-01   3.5211273e-01   3.2639270e-01   2.6850780e-01   5.6575269e-01   4.1360960e-01   2.7172771e-01   6.7155500e-01   3.4779993e-01   3.3166602e-01   3.5725345e-01   2.8884881e-01   3.7146261e-01   4.3980410e-01   3.4990138e-01   3.9362621e-01   3.0192083e-01   2.7310694e-01
   3.5414731e-01   3.5964760e-01   2.9912439e-01   2.8286392e-01   4.2624128e-01   4.6205899e-01   2.9577360e-01   6.8765213e-01   2.7209962e-01   4.3247843e-01   3.0936904e-01   2.9816496e-01   3.6549639e-01   3.6169374e-01   3.1408106e-01   4.6211471e-01   3.9292382e-01   3.1247567e-01
   4.5089862e-01   4.1166771e-01   3.2935390e-01   3.3922616e-01   4.8997440e-01   4.3900141e-01   2.6333068e-01   6.1008616e-01   3.8463292e-01   3.3685260e-01   3.3111943e-01   3.1786739e-01   3.4513203e-01   4.0824121e-01   3.4234469e-01   4.2157331e-01   3.3420232e-01   3.1060388e-01
   4.8174614e-01   4.2921903e-01   2.8408223e-01   2.6731159e-01   5.9503169e-01   4.6030289e-01   3.0966238e-01   6.5697324e-01   3.2882809e-01   3.1564719e-01   3.1538326e-01   2.6780183e-01   3.6128250e-01   3.9457085e-01   3.8099394e-01   4.6263311e-01   3.1108130e-01   2.7011560e-01
   4.5091294e-01   4.1923759e-01   3.6039289e-01   4.0126772e-01   5.5816187e-01   4.8830511e-01   3.1378081e-01   7.3767874e-01   4.0126772e-01   9.6603257e-02   3.3202317e-01   3.7097271e-01   3.4007897e-01   5.2453016e-01   3.1301679e-01   5.7665379e-01   3.2804791e-01   3.1081292e-01
   2.9704835e-01   2.8667895e-01   3.1986345e-01   3.2250530e-01   4.0154622e-01   4.4497692e-01   3.0577022e-01   7.3154955e-01   3.6467738e-01   2.6616637e-01   2.7979569e-01   2.6389856e-01   3.6334071e-01   4.2728036e-01   3.0551963e-01   4.5322968e-01   3.4990824e-01   2.7151710e-01
   3.8148484e-01   4.6967654e-01   3.3620809e-01   5.3253557e-01   6.7231340e-01   4.9832883e-01   3.1571386e-01   7.7062726e-01   3.5308961e-01   4.4694613e-01   2.9549329e-01   2.9549329e-01   3.1286585e-01   6.7751940e-01   3.5308961e-01   4.4772865e-01   5.2526249e-01   9.6603257e-02
   5.5002228e-01   5.0352094e-01   3.2947674e-01   3.6045483e-01   6.2407048e-01   4.1920698e-01   2.7874904e-01   5.3205525e-01   3.7114916e-01   2.7104661e-01   3.5812897e-01   3.3131532e-01   3.2267540e-01   3.7803180e-01   4.6426082e-01   4.5839966e-01   3.8203332e-01   2.9564674e-01
   4.2488996e-01   4.6044174e-01   3.3996960e-01   3.7779298e-01   6.6668028e-01   3.8757461e-01   2.9346764e-01   5.4044394e-01   3.6136991e-01   2.7694349e-01   2.2524549e-01   2.9908470e-01   3.1089656e-01   4.5673007e-01   3.7904280e-01   4.2007734e-01   3.0730392e-01   2.9348726e-01
   4.0587512e-01   4.2385406e-01   3.5617718e-01   3.4273911e-01   6.2670542e-01   3.8771763e-01   4.7110413e-01   6.7116330e-01   3.7806470e-01   3.9387046e-01   3.4758025e-01   3.6245975e-01   3.9263689e-01   4.9927830e-01   3.8905012e-01   4.4489007e-01   3.9575315e-01   3.0119904e-01
   4.8796567e-01   5.1663827e-01   3.5367132e-01   3.4263165e-01   5.3391773e-01   3.9904462e-01   2.6831458e-01   5.8397141e-01   4.1832750e-01   3.7904654e-01   3.5389660e-01   3.1715576e-01   3.7240973e-01   3.8118676e-01   4.0234023e-01   4.7597122e-01   3.3422986e-01   2.1389602e-01
   2.9449143e-01   5.7601214e-01   3.0839556e-01   3.3401248e-01   7.1352891e-01   5.2372487e-01   3.0839556e-01   5.5819304e-01   3.4515128e-01   9.6603257e-02   3.5040469e-01   3.0839556e-01   4.5373571e-01   3.6194556e-01   7.2124787e-01   4.9861776e-01   2.5215459e-01   5.2372487e-01
   4.7045692e-01   4.5829292e-01   4.3701782e-01   3.3945281e-01   5.0968388e-01   5.0334317e-01   4.0939442e-01   7.4528496e-01   4.2354701e-01   2.7073827e-01   3.3624448e-01   3.0690467e-01   3.8947560e-01   4.7787542e-01   3.9229810e-01   4.7289112e-01   5.1486258e-01   3.0690467e-01
   3.8530589e-01   4.0680667e-01   3.5926572e-01   3.5744037e-01   5.9291905e-01   4.2521841e-01   3.6566006e-01   7.3427156e-01   3.8189208e-01   5.0334804e-01   2.8016370e-01   3.5607486e-01   3.8122062e-01   5.1305613e-01   3.5042041e-01   4.3041286e-01   4.1302504e-01   2.6718886e-01
   3.1911953e-01   2.6365170e-01   1.3740809e-01   1.7887207e-01   5.3216852e-01   4.2758763e-01   3.0547988e-01   6.7112530e-01   2.7379838e-01   2.7762952e-01   2.9811675e-01   2.9811675e-01   3.1843274e-01   4.6439839e-01   3.0144643e-01   3.9317153e-01   3.3336650e-01   3.1276306e-01
   2.8869968e-01   2.8102216e-01   3.5036423e-01   2.2302102e-01   5.7258868e-01   4.5637311e-01   4.6236640e-01   7.3708650e-01   2.8984271e-01   9.6603257e-02   2.8740396e-01   2.7396628e-01   4.3798073e-01   4.9530938e-01   3.1668086e-01   4.2981205e-01   3.3446807e-01   9.6603257e-02
   2.7510873e-01   3.0874607e-01   9.6603257e-02   9.6603257e-02   5.7428737e-01   4.8225356e-01   9.6603257e-02   7.4540544e-01   3.0969715e-01   3.2052379e-01   3.2052379e-01   5.0630354e-01   4.0396840e-01   5.4297650e-01   3.0382452e-01   4.2755638e-01   3.4156677e-01   5.0630354e-01
   4.6505496e-01   5.1747395e-01   3.2794120e-01   3.5233511e-01   6.7058721e-01   3.6569423e-01   3.2537511e-01   7.3822533e-01   4.2406809e-01   2.6987953e-01   3.2076952e-01   3.0369664e-01   3.0053414e-01   5.0005340e-01   3.9429668e-01   4.1863355e-01   4.2984883e-01   9.6603257e-02
   5.7389116e-01   4.3504702e-01   3.1224533e-01   3.1007464e-01   5.8498178e-01   4.9657065e-01   3.0798647e-01   6.8310755e-01   3.4462001e-01   3.0798647e-01   3.0874556e-01   3.0969191e-01   3.5615038e-01   5.0225805e-01   4.3601587e-01   5.4100203e-01   3.5783230e-01   2.9258728e-01
   5.0147031e-01   4.2432957e-01   4.2531119e-01   3.6604647e-01   7.1801382e-01   4.9090308e-01   4.9432273e-01   6.6411709e-01   3.4970135e-01   3.1618057e-01   3.8712244e-01   4.9432273e-01   4.1861993e-01   4.8550201e-01   3.4683749e-01   5.3734515e-01   3.9756449e-01   3.0965458e-01
   4.8449116e-01   4.0344531e-01   2.8211215e-01   2.9307937e-01   4.9747521e-01   4.3752443e-01   3.0473611e-01   7.0040422e-01   3.4113131e-01   3.6143821e-01   3.8788419e-01   2.8786918e-01   3.8149588e-01   3.4241855e-01   4.1537211e-01   5.4765603e-01   3.4259350e-01   2.7292235e-01
   3.9445984e-01   4.2230005e-01   9.6603257e-02   9.6603257e-02   5.0221109e-01   4.5638595e-01   2.7655853e-01   7.2652219e-01   3.2427695e-01   3.5527027e-01   2.8669582e-01   2.8669582e-01   4.4369872e-01   3.9963875e-01   3.3783496e-01   4.8410548e-01   4.3873343e-01   3.3204367e-01
   4.5983696e-01   3.9354019e-01   3.1471261e-01   3.3638294e-01   6.2435801e-01   4.2829607e-01   3.1208979e-01   6.2417937e-01   3.5544025e-01   2.7194983e-01   3.5715782e-01   2.8184005e-01   3.6561348e-01   3.9843310e-01   3.7889611e-01   5.2510603e-01   2.9982829e-01   2.7171336e-01
   3.0915697e-01   2.5215459e-01   9.6603257e-02   3.2751352e-01   6.0293198e-01   5.0947685e-01   4.1230403e-01   7.4343220e-01   2.8918178e-01   3.1169620e-01   3.0402006e-01   9.6603257e-02   4.8049674e-01   5.3391366e-01   3.4454945e-01   4.3020189e-01   3.3799224e-01   3.2751352e-01
   2.9842403e-01   2.9905999e-01   3.3545191e-01   3.5315501e-01   5.1079777e-01   4.2942579e-01   4.9416566e-01   5.9343177e-01   3.3499793e-01   3.0914922e-01   2.8203237e-01   3.6908737e-01   3.1213647e-01   3.4990138e-01   2.7838952e-01   4.1865162e-01   3.2049980e-01   3.0606364e-01
   5.6359794e-01   4.3164034e-01   3.1611253e-01   3.1232560e-01   5.6666252e-01   4.4630159e-01   2.9807960e-01   5.4657573e-01   3.7252420e-01   2.8227860e-01   3.4886113e-01   2.9579294e-01   3.3052880e-01   3.8022184e-01   4.3274288e-01   5.0952831e-01   3.0367969e-01   3.0043379e-01
   4.0898100e-01   4.3078540e-01   3.4540053e-01   3.7610661e-01   6.2759801e-01   3.9632473e-01   2.8913589e-01   5.5646466e-01   3.7719181e-01   3.4950844e-01   3.4477329e-01   3.6878125e-01   3.4141724e-01   4.2830618e-01   3.9575612e-01   4.2728036e-01   3.0272453e-01   2.8188937e-01
   5.3145966e-01   4.7135633e-01   3.1979286e-01   4.0517212e-01   6.4060191e-01   3.8030705e-01   2.7490540e-01   6.4060191e-01   3.6782533e-01   2.7490540e-01   3.1615996e-01   3.1615996e-01   3.3899222e-01   5.5058616e-01   3.9607719e-01   5.4198381e-01   3.6987839e-01   4.5195943e-01
   4.1242618e-01   3.7624388e-01   3.4095952e-01   3.7056448e-01   5.8441610e-01   3.8238310e-01   4.9644589e-01   7.1886045e-01   3.4851963e-01   3.0670703e-01   2.7200519e-01   3.2863329e-01   3.1850143e-01   5.6489601e-01   3.4390490e-01   4.6031751e-01   3.1161499e-01   2.8360048e-01
   3.4905852e-01   3.7487350e-01   3.1439920e-01   2.9695940e-01   4.0203624e-01   4.2816396e-01   3.7308748e-01   7.1132759e-01   3.3123770e-01   4.0324106e-01   3.1861562e-01   3.2617120e-01   3.6350608e-01   4.0938341e-01   3.6073984e-01   4.4042021e-01   3.3725747e-01   3.2712039e-01
   4.5637661e-01   4.4798185e-01   3.4570641e-01   3.6760790e-01   3.8016052e-01   3.6506772e-01   9.6603257e-02   5.7652009e-01   3.8150297e-01   2.8631246e-01   3.0107450e-01   3.6689140e-01   3.4862649e-01   4.0859181e-01   3.9595156e-01   3.9027376e-01   3.8502435e-01   3.2600491e-01
   3.9207405e-01   4.7783919e-01   3.6238513e-01   3.8808353e-01   5.1628005e-01   3.6829976e-01   2.8596949e-01   6.2642216e-01   4.2709916e-01   2.6286507e-01   3.5557170e-01   3.3690588e-01   3.3878857e-01   4.4961494e-01   4.1528467e-01   4.2516545e-01   3.1208725e-01   2.8502252e-01
   3.9069386e-01   4.5740281e-01   2.7316570e-01   2.7316570e-01   4.5881264e-01   4.1629587e-01   3.2516180e-01   7.2138329e-01   4.2553780e-01   4.6236640e-01   9.6603257e-02   3.1673423e-01   4.2553780e-01   4.1668316e-01   2.9958691e-01   4.9016326e-01   5.0962477e-01   9.6603257e-02
   4.7109345e-01   4.2851736e-01   3.4884148e-01   3.5075592e-01   5.2889257e-01   4.3994781e-01   2.6432052e-01   6.1470004e-01   3.8100472e-01   3.1304827e-01   3.9074234e-01   2.9344464e-01   3.7313101e-01   4.0859231e-01   4.1219202e-01   5.0392733e-01   3.0387598e-01   2.8182728e-01
   4.7895407e-01   4.1653623e-01   3.2704053e-01   2.9347163e-01   3.4141646e-01   3.7426516e-01   2.7482785e-01   5.4393091e-01   3.5281067e-01   2.7761705e-01   3.1321050e-01   3.0544666e-01   3.5859001e-01   3.5710059e-01   3.7910808e-01   4.4619810e-01   3.0885426e-01   2.8965456e-01
   2.8116403e-01   3.9343134e-01   3.1469805e-01   2.8852492e-01   6.1929603e-01   3.6061981e-01   9.6603257e-02   6.5306420e-01   3.6427735e-01   4.9589726e-01   2.7858004e-01   3.0788713e-01   3.3530960e-01   6.6916301e-01   3.4386943e-01   3.2224061e-01   3.4948754e-01   3.3401343e-01
   4.7126143e-01   3.8291654e-01   3.0336947e-01   3.3532285e-01   5.3683457e-01   4.4862022e-01   2.9567681e-01   5.7106115e-01   3.7369221e-01   2.7926384e-01   3.5381646e-01   3.0842570e-01   3.4232889e-01   3.7645548e-01   3.3816155e-01   4.4475538e-01   3.2295613e-01   2.9921005e-01
   4.9278207e-01   4.2047880e-01   3.3455789e-01   3.6742895e-01   5.6841216e-01   4.8444196e-01   2.5215459e-01   6.3144000e-01   4.3212557e-01   2.7714425e-01   3.2632534e-01   3.5562396e-01   4.5129941e-01   3.9846045e-01   4.3025650e-01   5.4221539e-01   3.3618634e-01   1.2633183e-01
   4.1321331e-01   3.8029786e-01   3.3777560e-01   3.2657180e-01   7.0290031e-01   4.8189679e-01   2.9424683e-01   6.6597156e-01   4.0257661e-01   3.0724015e-01   3.3567037e-01   3.6461365e-01   3.9592989e-01   4.0047639e-01   4.2921121e-01   5.0533374e-01   3.6751689e-01   9.6603257e-02
   2.5807505e-01   2.5458626e-01   2.1389602e-01   3.0125145e-01   4.4980023e-01   3.9967352e-01   2.6832811e-01   7.0893656e-01   2.7620372e-01   4.2809376e-01   1.7518158e-01   3.0665840e-01   3.4042416e-01   4.9935933e-01   2.6083014e-01   3.3737936e-01   3.2474717e-01   2.8882508e-01
   4.0875353e-01   2.9673051e-01   3.0258702e-01   2.4662142e-01   4.1248400e-01   4.8876176e-01   2.8699812e-01   6.9272584e-01   3.4990138e-01   2.8289977e-01   2.7106426e-01   2.5215459e-01   3.7442862e-01   3.6257616e-01   4.1371766e-01   4.8683463e-01   3.2119693e-01   1.5775240e-01
   4.1278806e-01   4.0723629e-01   3.4743709e-01   3.3195433e-01   5.3755188e-01   4.2303524e-01   3.1589388e-01   7.2598638e-01   3.4610850e-01   3.0892808e-01   3.4743709e-01   3.4617599e-01   3.6475984e-01   4.9992403e-01   3.7483837e-01   4.5240195e-01   3.6627641e-01   3.0118783e-01
   2.8373397e-01   4.2463574e-01   3.8002499e-01   3.1520844e-01   5.1650907e-01   5.0627288e-01   4.9428669e-01   7.4042883e-01   4.2009378e-01   3.1785817e-01   3.8329236e-01   3.2973668e-01   4.0974714e-01   3.4059923e-01   3.1416886e-01   5.0188471e-01   3.5072660e-01   4.6544147e-01
   3.9091921e-01   3.6107750e-01   3.8949880e-01   3.3464898e-01   5.2904532e-01   4.8186253e-01   3.8949880e-01   7.3124127e-01   3.2399842e-01   4.2666094e-01   3.1441065e-01   3.4309875e-01   4.2882915e-01   4.7843339e-01   4.3120961e-01   4.8322787e-01   3.7674681e-01   3.2663549e-01
   4.3309615e-01   3.7883524e-01   2.9127761e-01   3.4370578e-01   6.6472277e-01   4.2418148e-01   3.5842239e-01   7.1466301e-01   3.3288676e-01   3.0244654e-01   3.1234826e-01   2.9959254e-01   3.5168505e-01   4.4623276e-01   3.6478537e-01   4.9567235e-01   3.3739217e-01   2.8856153e-01
   4.4906446e-01   4.4059367e-01   2.8709580e-01   3.4140067e-01   5.0000000e-01   4.4053229e-01   2.6878676e-01   7.3044564e-01   3.5456222e-01   2.6878676e-01   4.0624591e-01   3.7155663e-01   3.7056874e-01   5.0718049e-01   3.7026096e-01   5.1846493e-01   4.1688989e-01   3.1821817e-01
   4.5567731e-01   3.8601314e-01   3.1275228e-01   3.1275228e-01   5.9561079e-01   5.1342791e-01   2.7677581e-01   7.2735807e-01   3.4276001e-01   3.7805360e-01   3.1716954e-01   3.1549041e-01   3.8418163e-01   4.3860240e-01   4.3234006e-01   5.2708525e-01   2.7677581e-01   2.7293439e-01
   4.1344658e-01   4.6259813e-01   3.3927279e-01   3.1660251e-01   4.5946939e-01   3.9431547e-01   2.9155330e-01   5.3140002e-01   3.6425479e-01   3.8112014e-01   2.7999877e-01   3.0941006e-01   4.2549647e-01   4.3283959e-01   4.0091018e-01   4.5654103e-01   3.2632534e-01   4.0539463e-01
   4.1714148e-01   3.0938640e-01   3.0540025e-01   3.1248823e-01   4.4443053e-01   4.2740324e-01   9.6603257e-02   6.8586520e-01   3.5812139e-01   2.8508132e-01   3.1710898e-01   3.1460336e-01   2.9867149e-01   4.2203145e-01   3.6614368e-01   4.0039006e-01   3.9719369e-01   2.8508132e-01
   2.5284851e-01   2.5992957e-01   3.1106074e-01   3.4319680e-01   6.0023580e-01   4.3309615e-01   5.2628009e-01   7.2658782e-01   4.0695401e-01   5.2628009e-01   9.6603257e-02   3.1106074e-01   4.8133908e-01   4.8133908e-01   2.4397560e-01   2.4378129e-01   9.6603257e-02   3.4767909e-01
   4.4432260e-01   4.1134512e-01   3.2460856e-01   3.3160326e-01   5.1670829e-01   3.9662606e-01   9.6603257e-02   6.9410202e-01   3.5802741e-01   3.0485169e-01   3.3147297e-01   3.3385907e-01   3.6116231e-01   5.0412099e-01   3.5382211e-01   4.6185084e-01   3.2737385e-01   2.9266181e-01
   4.8299355e-01   3.8871350e-01   3.1252889e-01   3.2499439e-01   5.6713829e-01   4.2423960e-01   4.6717255e-01   7.3571289e-01   3.2644467e-01   3.0431827e-01   3.4199055e-01   3.1252889e-01   3.8080648e-01   5.0662137e-01   3.7995632e-01   5.2451692e-01   4.0314690e-01   3.1351638e-01
   4.4812844e-01   4.5068984e-01   3.5469318e-01   4.2565739e-01   4.9445222e-01   5.2964414e-01   5.1105609e-01   7.5454607e-01   4.0417318e-01   9.6603257e-02   3.5469318e-01   3.5469318e-01   5.3438840e-01   6.8506997e-01   3.3281640e-01   5.4611359e-01   5.0442141e-01   2.9403483e-01
   5.0296601e-01   4.4686407e-01   3.8608809e-01   3.9543285e-01   5.8800692e-01   4.7956758e-01   5.1677281e-01   6.8022561e-01   3.7027392e-01   9.6603257e-02   5.1677281e-01   3.8608809e-01   9.6603257e-02   5.6657094e-01   4.6459389e-01   5.7216137e-01   3.8608809e-01   3.2228521e-01
   5.5640731e-01   4.1883705e-01   3.3734024e-01   3.3647410e-01   5.0693238e-01   4.4786041e-01   2.8119641e-01   5.2086940e-01   3.2912275e-01   2.7637031e-01   3.5850508e-01   2.9157074e-01   3.6306937e-01   3.5394848e-01   3.3156763e-01   4.9159055e-01   3.5023744e-01   2.8897650e-01
   4.7824241e-01   4.1756852e-01   3.2187672e-01   3.1842642e-01   5.0852325e-01   5.1040362e-01   3.3446213e-01   7.1301856e-01   3.4258602e-01   3.3225159e-01   2.9531092e-01   2.9132496e-01   3.7052634e-01   4.0678916e-01   3.4045826e-01   5.2017854e-01   3.4657639e-01   3.1886146e-01
   2.7528635e-01   3.2872060e-01   2.8036613e-01   1.9652524e-01   3.7286993e-01   3.9790518e-01   2.6054376e-01   6.3321821e-01   3.0878258e-01   4.7205649e-01   2.4212693e-01   2.8047131e-01   3.3354077e-01   4.2463060e-01   2.3511040e-01   3.8884293e-01   4.6137597e-01   4.1420774e-01
   5.7200519e-01   4.9069457e-01   3.2795540e-01   3.4975331e-01   5.9635182e-01   3.9241554e-01   2.6277328e-01   6.1274936e-01   3.6779224e-01   2.5215459e-01   3.2571071e-01   3.0362389e-01   3.3083865e-01   4.7516254e-01   4.7469164e-01   4.6334178e-01   3.3458593e-01   3.0288078e-01
   3.7866023e-01   3.6152572e-01   2.9526392e-01   3.0190070e-01   6.1849281e-01   4.6548146e-01   2.8504823e-01   7.3252255e-01   3.8993527e-01   4.6096473e-01   3.6342395e-01   3.4618743e-01   4.2482389e-01   6.5077527e-01   3.3250750e-01   4.5870601e-01   3.1983441e-01   1.1051736e-01
   4.3598712e-01   4.2821829e-01   3.1340754e-01   3.3704873e-01   5.4344351e-01   3.8733187e-01   3.3483133e-01   6.2799361e-01   3.5475810e-01   3.5003471e-01   3.5929257e-01   3.2569007e-01   3.3389164e-01   3.9766007e-01   3.9076766e-01   4.3488667e-01   3.1544584e-01   2.9065453e-01
   3.4624749e-01   4.0209339e-01   3.8000866e-01   3.8427781e-01   7.0328626e-01   3.6171249e-01   4.8250731e-01   7.2956603e-01   3.6024933e-01   3.1536334e-01   2.8558556e-01   3.8733054e-01   3.6655442e-01   5.8371246e-01   3.2610383e-01   3.6333438e-01   3.0934092e-01   1.5775240e-01
   4.3951460e-01   4.0127365e-01   2.9632971e-01   2.9691901e-01   5.6922756e-01   4.1529832e-01   3.8978230e-01   7.3074476e-01   3.3062085e-01   3.0530824e-01   3.7825486e-01   2.9173035e-01   3.4933102e-01   4.3150922e-01   3.8218000e-01   4.8028099e-01   3.4708262e-01   2.8070413e-01
   4.3824574e-01   4.8219452e-01   4.7638943e-01   4.2020107e-01   6.7927381e-01   4.1558156e-01   2.9973126e-01   7.3651842e-01   3.6852128e-01   2.7978316e-01   2.6875290e-01   3.1479831e-01   3.4923203e-01   5.7002288e-01   4.0764955e-01   4.0884745e-01   2.9123398e-01   1.1841538e-01
   4.1906022e-01   3.9437229e-01   2.8868135e-01   2.9064132e-01   5.4579284e-01   5.4574073e-01   3.0725387e-01   6.6571362e-01   3.5337856e-01   3.1606985e-01   3.6135433e-01   2.9040188e-01   4.9773206e-01   4.1462641e-01   3.6385252e-01   6.1864821e-01   3.1741178e-01   3.0034780e-01
   3.9543285e-01   4.1506334e-01   3.1519266e-01   3.3508329e-01   6.2695625e-01   5.0296601e-01   9.6603257e-02   6.8909168e-01   3.6279723e-01   4.2147739e-01   3.8056680e-01   3.1519266e-01   4.2711818e-01   4.6933473e-01   3.3701586e-01   5.3508426e-01   2.8227015e-01   3.1519266e-01
   4.6641889e-01   4.2645698e-01   4.1239257e-01   4.2983494e-01   6.8652303e-01   4.6031233e-01   3.0220464e-01   6.7225120e-01   3.7451730e-01   3.0820069e-01   3.2418919e-01   4.1235070e-01   3.5929404e-01   4.5997048e-01   3.4978215e-01   4.8353745e-01   3.6024207e-01   3.3981882e-01
   4.1353635e-01   3.9809572e-01   2.8969929e-01   3.4541867e-01   5.7186220e-01   4.7557164e-01   3.2688617e-01   6.6601306e-01   3.7257702e-01   4.4832516e-01   3.8625630e-01   3.4046037e-01   4.1393612e-01   4.0593805e-01   4.7341837e-01   5.3214974e-01   3.9246284e-01   9.6603257e-02
   4.3540919e-01   3.3392586e-01   3.1719998e-01   3.0517656e-01   4.1289224e-01   4.1628759e-01   2.8030929e-01   6.3616405e-01   3.6463433e-01   2.9561374e-01   3.6503130e-01   3.0696148e-01   3.5450498e-01   3.7660576e-01   3.2175969e-01   4.3047971e-01   3.2470484e-01   2.9739881e-01
   4.9664704e-01   4.4861817e-01   3.7926582e-01   3.1133819e-01   6.3153924e-01   4.5574298e-01   3.7189313e-01   6.9652898e-01   3.7344060e-01   3.9930209e-01   3.7014295e-01   3.8696402e-01   4.1008109e-01   4.7295767e-01   3.9924779e-01   5.0914173e-01   3.9585365e-01   2.8064588e-01
   3.9751765e-01   3.9546955e-01   5.1055931e-01   3.9144174e-01   6.8526662e-01   4.5529757e-01   4.9966730e-01   7.3903347e-01   4.1139547e-01   3.2646517e-01   2.8688507e-01   2.9991415e-01   4.4782582e-01   5.2212574e-01   3.4464303e-01   4.4602266e-01   4.9089526e-01   3.0287538e-01
   4.1309603e-01   4.2090218e-01   3.3246059e-01   3.6535209e-01   5.2798974e-01   3.6068590e-01   2.5709794e-01   5.9293228e-01   3.5132758e-01   3.0018730e-01   4.2052493e-01   3.3927563e-01   3.3081876e-01   4.0002067e-01   4.0478551e-01   4.3967375e-01   3.0301877e-01   3.2751991e-01
   5.2917988e-01   4.3084231e-01   3.3266466e-01   3.4535760e-01   5.3330097e-01   4.6419481e-01   3.0947985e-01   5.3913788e-01   3.6678673e-01   3.5543164e-01   3.3181311e-01   2.9104313e-01   3.5253234e-01   3.5732698e-01   4.3907641e-01   5.1310581e-01   3.1724623e-01   2.9924506e-01
   3.1990524e-01   4.0622185e-01   3.4787669e-01   3.4177271e-01   5.5386903e-01   4.7150044e-01   3.1831948e-01   7.1880638e-01   3.4339567e-01   3.1831948e-01   2.1389602e-01   2.9602331e-01   3.7841636e-01   5.3566834e-01   2.9050280e-01   4.5645251e-01   3.5869963e-01   2.6764187e-01
   5.0507213e-01   4.2755998e-01   3.0103150e-01   3.1564848e-01   4.9289110e-01   4.3637000e-01   2.6236897e-01   6.9246702e-01   3.2191585e-01   3.8210477e-01   3.1680565e-01   2.7306899e-01   3.8706219e-01   4.6854034e-01   3.8143264e-01   5.3836861e-01   3.2585480e-01   3.0198623e-01
   4.2645101e-01   4.1886144e-01   3.0827748e-01   3.0114975e-01   5.3926719e-01   3.9417702e-01   9.6603257e-02   7.2261935e-01   3.3938005e-01   3.1949389e-01   3.4805725e-01   3.3170935e-01   3.9925990e-01   4.7470970e-01   4.0730188e-01   4.4524315e-01   4.7172467e-01   2.8280028e-01
   5.0243261e-01   4.3373567e-01   3.0948248e-01   3.4061828e-01   6.0893182e-01   4.7605442e-01   3.1759160e-01   7.1923128e-01   3.7235166e-01   3.4449659e-01   3.1212271e-01   3.5432547e-01   3.5680105e-01   4.4146586e-01   3.7097576e-01   5.1201947e-01   3.6993904e-01   3.6390499e-01
   4.9326052e-01   4.4209638e-01   3.3914302e-01   2.9187566e-01   4.8836097e-01   5.6196167e-01   3.7923902e-01   7.3445850e-01   3.5338743e-01   2.7733495e-01   3.2688617e-01   3.1335478e-01   4.6353166e-01   5.1566813e-01   3.9741340e-01   5.4721706e-01   4.0020004e-01   3.0780581e-01
   3.1272365e-01   4.2587836e-01   2.9145669e-01   3.2896861e-01   5.7270463e-01   4.1997524e-01   3.0725387e-01   7.1810016e-01   3.3586614e-01   4.2333793e-01   2.9248115e-01   3.0887033e-01   3.3839300e-01   4.6083408e-01   3.0958275e-01   4.1103996e-01   3.5895159e-01   3.1763129e-01
   5.0622188e-01   4.7558862e-01   3.5699635e-01   3.6501411e-01   5.2698647e-01   4.2921903e-01   2.9382841e-01   5.8493005e-01   3.8337176e-01   2.7933383e-01   3.0274332e-01   2.8870073e-01   3.5140076e-01   3.8141552e-01   4.3596254e-01   4.4859026e-01   3.2772499e-01   3.0013958e-01
   3.2357824e-01   3.9050611e-01   2.9253243e-01   3.4353938e-01   7.0966113e-01   4.1421333e-01   3.1378081e-01   7.3794237e-01   3.3242078e-01   9.6603257e-02   4.4355419e-01   3.0874138e-01   3.1081292e-01   4.8871783e-01   2.8975630e-01   4.3288956e-01   3.1081292e-01   3.1081292e-01
   5.0045370e-01   4.9234443e-01   3.3257753e-01   3.7108995e-01   7.0074162e-01   3.9516274e-01   4.9514468e-01   5.6120102e-01   4.0817575e-01   9.6603257e-02   3.2208280e-01   3.6246176e-01   3.1142254e-01   4.6751293e-01   3.9204577e-01   4.2685817e-01   3.0572103e-01   2.7926163e-01
   2.9762278e-01   3.3543203e-01   3.5912791e-01   3.3348777e-01   5.0331358e-01   3.6874219e-01   2.7089598e-01   6.0458432e-01   3.2471216e-01   3.0704127e-01   3.1596540e-01   3.7173272e-01   3.2979149e-01   3.9442228e-01   3.3260001e-01   2.9552989e-01   3.0798012e-01   2.8440002e-01
   4.6874036e-01   4.4971079e-01   3.5298861e-01   3.4918019e-01   4.9870253e-01   3.6124269e-01   2.7515523e-01   4.8851895e-01   3.6798693e-01   2.7956091e-01   2.7292671e-01   3.3731223e-01   3.5977898e-01   4.2003403e-01   3.2495204e-01   4.2689090e-01   3.2363064e-01   2.8142553e-01
   3.7882461e-01   3.7140245e-01   3.4603866e-01   3.8117299e-01   6.6506907e-01   4.2896807e-01   4.9432273e-01   5.7491363e-01   3.7457630e-01   2.7371276e-01   2.9618754e-01   3.5384425e-01   3.2668843e-01   4.3998997e-01   3.4484722e-01   4.2331103e-01   3.2098064e-01   2.9663264e-01
   3.3520617e-01   3.1505664e-01   2.8449405e-01   2.8365077e-01   5.2832394e-01   3.9201257e-01   4.6056374e-01   6.6560429e-01   3.3808558e-01   2.7682830e-01   2.9450535e-01   2.9636006e-01   3.4659578e-01   4.4209586e-01   3.2401600e-01   3.9736440e-01   3.2207126e-01   3.0221661e-01
   5.3424002e-01   4.0373393e-01   2.7370386e-01   2.7370386e-01   5.1373622e-01   4.7736469e-01   2.8822995e-01   6.0117584e-01   3.1452913e-01   3.2096971e-01   3.2096971e-01   2.5215459e-01   3.7728212e-01   4.5614107e-01   4.4196221e-01   5.4288959e-01   4.5581090e-01   3.2096971e-01
   4.6439839e-01   4.6355732e-01   3.3807244e-01   2.9617210e-01   5.3840801e-01   5.5544973e-01   3.0268481e-01   7.3769770e-01   3.9389141e-01   2.9831371e-01   3.0874138e-01   2.7294949e-01   4.2856646e-01   3.9849212e-01   4.1805046e-01   5.4844915e-01   4.5861166e-01   2.8070187e-01
   4.3327212e-01   4.1655938e-01   3.0794549e-01   3.1543493e-01   5.7020638e-01   4.2334669e-01   2.7551985e-01   6.4719931e-01   3.7461773e-01   4.1682423e-01   3.5227356e-01   3.1606140e-01   3.7020239e-01   4.0044113e-01   4.1218167e-01   4.8295201e-01   3.3328653e-01   2.8163269e-01
   5.2686503e-01   4.3336658e-01   3.0718195e-01   2.8111093e-01   5.3266779e-01   4.9042898e-01   3.1462173e-01   7.2071514e-01   3.3092321e-01   3.0015205e-01   3.0684066e-01   2.6542905e-01   3.8741998e-01   4.0902625e-01   4.4196221e-01   5.9714315e-01   3.5055116e-01   3.2553493e-01
   3.4817031e-01   3.4431178e-01   4.3625610e-01   2.6068739e-01   7.3065466e-01   3.4553951e-01   9.6603257e-02   3.6895119e-01   2.6009900e-01   4.9432273e-01   3.0374103e-01   3.2393812e-01   3.0564008e-01   6.0823446e-01   3.2590658e-01   3.6730578e-01   2.6708355e-01   2.7089155e-01
   3.8311362e-01   3.6652481e-01   3.0311751e-01   3.2959681e-01   4.6703478e-01   4.1654357e-01   2.7033871e-01   5.9518328e-01   3.5723968e-01   2.9269792e-01   3.8723982e-01   2.9689905e-01   3.6040179e-01   3.8831216e-01   3.4995432e-01   4.6920759e-01   3.1411624e-01   2.8968112e-01
   3.7910808e-01   3.8866909e-01   3.1843779e-01   3.1752161e-01   5.1361132e-01   4.6729617e-01   9.6603257e-02   7.3106037e-01   3.2543587e-01   3.1107222e-01   3.2558504e-01   2.7512539e-01   3.5472627e-01   4.7282107e-01   3.7408835e-01   5.6103632e-01   3.3401343e-01   3.3401343e-01
   3.6972139e-01   4.4064588e-01   3.8341901e-01   3.5991987e-01   6.1280027e-01   3.5908386e-01   2.6172365e-01   4.4783813e-01   3.9232867e-01   2.6264209e-01   3.3704186e-01   3.7976289e-01   3.1260057e-01   4.0220931e-01   3.9524585e-01   3.9387210e-01   2.9830405e-01   2.7742337e-01
   3.4267281e-01   3.7968456e-01   3.1746057e-01   3.3511344e-01   5.9634029e-01   3.8326457e-01   3.0310101e-01   5.8860197e-01   3.5308241e-01   2.8880268e-01   2.9994108e-01   3.0444178e-01   3.2915881e-01   4.4457592e-01   3.4584047e-01   4.1445631e-01   2.8970609e-01   2.8195740e-01
   3.5221200e-01   3.1232510e-01   2.9662372e-01   2.6080819e-01   4.5838431e-01   4.0925542e-01   3.4745917e-01   6.3393583e-01   2.9407910e-01   3.1054975e-01   3.3278927e-01   2.6596870e-01   3.5830692e-01   4.1656721e-01   2.9011752e-01   3.8498608e-01   3.5628051e-01   2.8337015e-01
   4.1229545e-01   4.1400526e-01   3.0597645e-01   2.9824341e-01   4.8856301e-01   4.4256703e-01   2.8561456e-01   7.1922149e-01   3.6557720e-01   2.7663856e-01   2.8541426e-01   3.2285722e-01   3.5734872e-01   4.7020635e-01   3.3666805e-01   4.7385513e-01   3.5620133e-01   9.6603257e-02
   4.5635325e-01   3.9420998e-01   2.7762952e-01   2.7762952e-01   4.9924227e-01   4.8693888e-01   4.2860457e-01   7.3537504e-01   2.9236541e-01   2.7762952e-01   4.4336303e-01   3.1367237e-01   4.1881567e-01   4.9513036e-01   3.8022811e-01   5.4973995e-01   4.4379224e-01   3.3200083e-01
   4.0087232e-01   3.6301574e-01   2.9675741e-01   3.1683904e-01   7.4138988e-01   4.4861082e-01   3.1657647e-01   7.3887428e-01   3.4142381e-01   3.1657647e-01   3.1657647e-01   5.0348444e-01   3.1459563e-01   5.5323440e-01   3.5064219e-01   3.6588804e-01   5.4347892e-01   3.3545330e-01
   3.8718462e-01   3.7975659e-01   2.8591719e-01   2.9939813e-01   4.8358107e-01   4.0813372e-01   2.9906589e-01   7.2925907e-01   3.3382083e-01   3.4137667e-01   3.1533472e-01   3.2860326e-01   3.5355548e-01   4.6130070e-01   3.2585638e-01   4.2470872e-01   3.9187254e-01   3.1368866e-01
   4.6573944e-01   4.0680180e-01   3.3017930e-01   3.7621483e-01   6.4497838e-01   4.1354424e-01   3.0069303e-01   5.1386308e-01   3.6971843e-01   3.0246018e-01   3.3941180e-01   3.0509318e-01   4.0916698e-01   3.6874884e-01   3.8198361e-01   4.5576661e-01   2.9112383e-01   3.5601535e-01
   4.2418821e-01   3.1836996e-01   2.9831371e-01   3.6039289e-01   5.1949420e-01   5.0532246e-01   5.1456244e-01   6.6980652e-01   3.1836996e-01   3.6039289e-01   4.0347486e-01   2.9831371e-01   3.8315557e-01   3.7208840e-01   3.4608770e-01   5.3414370e-01   3.7208840e-01   2.9831371e-01
   4.3110110e-01   4.8403179e-01   3.3021157e-01   3.5604236e-01   6.0930614e-01   4.0241098e-01   2.8070187e-01   6.3316736e-01   4.4102049e-01   5.0149003e-01   3.0581892e-01   3.1081292e-01   4.3454177e-01   5.2932856e-01   3.3807244e-01   4.3200872e-01   3.6039289e-01   2.1389602e-01
   4.0706045e-01   4.0424548e-01   3.4805247e-01   3.6573527e-01   5.8931866e-01   4.4778724e-01   9.6603257e-02   5.8977406e-01   3.6252292e-01   2.9267588e-01   3.2300949e-01   3.2735085e-01   3.6032616e-01   4.0659623e-01   4.0355415e-01   4.2984883e-01   3.5164045e-01   2.9374411e-01
   4.6745606e-01   4.7871011e-01   3.3951495e-01   3.6518898e-01   4.8953943e-01   4.0817836e-01   4.9597555e-01   5.5392440e-01   4.0831530e-01   9.6603257e-02   4.2507572e-01   3.3434152e-01   3.9549492e-01   3.9976420e-01   4.6571249e-01   5.2137382e-01   3.2429946e-01   1.4921186e-01
   4.5007180e-01   4.3934522e-01   3.3817480e-01   3.7536078e-01   6.0058640e-01   4.9530054e-01   5.1891038e-01   5.8624438e-01   3.7578408e-01   9.6603257e-02   3.1173157e-01   3.4393745e-01   3.3545330e-01   3.6588804e-01   3.7979569e-01   5.5010127e-01   9.6603257e-02   2.8375601e-01
   3.8495722e-01   3.3178186e-01   3.2646517e-01   9.6603257e-02   5.4745770e-01   4.6968289e-01   9.6603257e-02   7.2672416e-01   3.6730085e-01   4.3904001e-01   9.6603257e-02   2.8838959e-01   4.0387228e-01   5.4273088e-01   2.9341542e-01   5.0622663e-01   4.3904001e-01   9.6603257e-02
   4.8333227e-01   4.8331233e-01   3.4181551e-01   3.1714181e-01   7.1929284e-01   3.9383744e-01   4.1945724e-01   5.7033379e-01   3.4837118e-01   3.0925745e-01   3.1034709e-01   3.3858982e-01   3.5999446e-01   4.6656832e-01   4.0045442e-01   4.6523749e-01   3.0635330e-01   3.5910285e-01
   3.7358575e-01   3.6799053e-01   3.6132186e-01   3.5885312e-01   6.4796223e-01   3.8904385e-01   3.0087381e-01   7.1097705e-01   3.3927896e-01   3.0521330e-01   3.0039168e-01   4.6321193e-01   3.2777837e-01   5.0115942e-01   3.2389203e-01   4.0071760e-01   3.6587772e-01   4.2371231e-01
   4.1712174e-01   4.3721217e-01   3.5596480e-01   3.7559589e-01   6.6253661e-01   4.0741355e-01   4.9668476e-01   6.5197126e-01   4.0054396e-01   9.6603257e-02   2.8440002e-01   3.6843685e-01   3.0431368e-01   4.3721217e-01   3.7314222e-01   3.9279661e-01   3.0628713e-01   2.9449112e-01
   4.4861209e-01   3.5167345e-01   3.1036849e-01   2.5215459e-01   4.9619269e-01   6.8814941e-01   4.8544410e-01   7.3922701e-01   3.2096971e-01   3.1338661e-01   3.2798573e-01   9.6603257e-02   4.5470801e-01   4.3161656e-01   2.5215459e-01   5.6435218e-01   3.9413518e-01   4.3456594e-01
   3.6742895e-01   3.8340346e-01   3.0428349e-01   3.3766239e-01   6.5533005e-01   4.7709105e-01   4.9811283e-01   7.4385156e-01   3.3915453e-01   9.6603257e-02   3.2166734e-01   3.0428349e-01   4.3513430e-01   5.2617799e-01   3.0004202e-01   4.3599943e-01   3.1161298e-01   3.3508329e-01
   5.5299264e-01   4.9723573e-01   4.1953477e-01   3.6672416e-01   4.6409455e-01   4.4832925e-01   4.2018483e-01   7.0463086e-01   4.4369727e-01   2.7295059e-01   3.2856753e-01   3.1502494e-01   3.6677759e-01   4.1562077e-01   4.7001450e-01   4.6713102e-01   3.2761487e-01   2.7066155e-01
   3.6264801e-01   3.7593155e-01   2.8477452e-01   3.1560980e-01   5.5346741e-01   3.4027724e-01   2.8895352e-01   6.9231037e-01   3.3095846e-01   2.6104270e-01   3.4232245e-01   3.0143989e-01   3.4108815e-01   4.4667415e-01   3.7672330e-01   4.0507616e-01   2.8649091e-01   2.8653892e-01
   4.1099735e-01   4.6096679e-01   3.4338292e-01   3.9793147e-01   5.2765331e-01   4.7732524e-01   2.7349837e-01   5.6801109e-01   3.2285379e-01   4.6295347e-01   3.0781418e-01   3.3866453e-01   3.4393485e-01   4.0141838e-01   3.6587147e-01   4.7906943e-01   3.5319695e-01   4.8545920e-01
   3.9389993e-01   4.1421820e-01   3.1045886e-01   3.3899439e-01   5.5857918e-01   4.5555112e-01   9.6603257e-02   7.3758974e-01   3.5285539e-01   3.4960950e-01   3.4439739e-01   3.0328026e-01   3.6423532e-01   4.1371788e-01   3.7090854e-01   4.2170416e-01   4.5927042e-01   2.9011740e-01
   4.0050852e-01   4.1580672e-01   3.2412996e-01   4.2784041e-01   6.2758462e-01   3.9191650e-01   2.7268581e-01   6.7489777e-01   3.7344814e-01   2.6397277e-01   3.6580695e-01   3.4888162e-01   3.5890589e-01   4.9968957e-01   3.6612211e-01   5.0483884e-01   3.4867904e-01   2.6388790e-01
   3.9110660e-01   4.2912905e-01   3.1892323e-01   3.1314055e-01   5.1817439e-01   5.0979744e-01   9.6603257e-02   5.9950855e-01   3.5479654e-01   3.8369944e-01   2.5215459e-01   3.4338292e-01   4.3679518e-01   4.3674454e-01   3.5193703e-01   4.2477995e-01   3.0028557e-01   9.6603257e-02
   3.1569916e-01   2.6897423e-01   4.1118340e-01   4.9095859e-01   7.1482111e-01   5.6240811e-01   9.6603257e-02   6.4959531e-01   4.1118340e-01   3.5160860e-01   3.5160860e-01   3.5160860e-01   4.1735724e-01   5.1791570e-01   9.6603257e-02   5.2507269e-01   3.5160860e-01   9.6603257e-02
   4.4485166e-01   4.6411087e-01   3.4024750e-01   3.5777648e-01   6.4304615e-01   4.3428386e-01   4.6353267e-01   6.6436277e-01   3.6612282e-01   3.6039758e-01   3.6500796e-01   3.1728141e-01   3.6157890e-01   3.7882524e-01   4.3250464e-01   4.4884555e-01   3.7663672e-01   3.2372079e-01
   3.6472089e-01   4.0598025e-01   3.3044199e-01   3.7797872e-01   6.1376018e-01   4.2126595e-01   3.0088502e-01   6.1871552e-01   3.6732302e-01   4.5742181e-01   3.0271195e-01   3.3375854e-01   3.4116969e-01   4.1001878e-01   3.6526115e-01   4.3179084e-01   3.4316952e-01   3.0159574e-01
   4.1841464e-01   4.2238101e-01   3.6981252e-01   3.6981252e-01   4.2271505e-01   4.8068889e-01   9.6603257e-02   6.4740886e-01   3.5711198e-01   4.3175357e-01   2.8109827e-01   3.4015451e-01   3.4112396e-01   3.2509503e-01   2.9988598e-01   3.7027529e-01   3.8013156e-01   2.7418930e-01
   3.5566518e-01   3.5713567e-01   3.0131519e-01   3.1477693e-01   6.3895161e-01   3.8527042e-01   3.2257019e-01   7.2610720e-01   3.3240522e-01   4.1170249e-01   3.2239120e-01   3.7739959e-01   3.4701652e-01   5.8428692e-01   3.1232648e-01   3.7487389e-01   3.2071377e-01   2.9229062e-01
   3.6251788e-01   3.7545371e-01   2.7962869e-01   1.5775240e-01   5.1991897e-01   5.1523681e-01   3.4677403e-01   7.1285332e-01   3.2651507e-01   3.7524277e-01   3.4900403e-01   2.6566328e-01   4.4715979e-01   4.3824574e-01   3.7002490e-01   5.3687457e-01   3.3823969e-01   3.1837848e-01
   6.2355599e-01   5.7239518e-01   3.6039289e-01   3.9733487e-01   6.0772939e-01   4.9592341e-01   5.0149003e-01   6.3995446e-01   4.6756195e-01   9.6603257e-02   3.7683360e-01   3.1836996e-01   3.7338237e-01   3.7639027e-01   4.7175352e-01   5.3078380e-01   3.2804791e-01   3.1378081e-01
   3.3807090e-01   3.8162934e-01   3.0596737e-01   3.2626326e-01   4.1985971e-01   4.4844430e-01   3.3762355e-01   6.6142554e-01   3.4744419e-01   3.1393802e-01   3.2442452e-01   3.3723076e-01   3.5716171e-01   3.4323823e-01   3.3152542e-01   4.2026074e-01   3.5607972e-01   3.2914586e-01
   3.9358152e-01   4.0721821e-01   2.9477791e-01   3.2545627e-01   6.0837520e-01   3.6870120e-01   2.7638022e-01   6.4188877e-01   3.5870627e-01   2.6294817e-01   3.3886895e-01   3.3131228e-01   3.5283340e-01   5.2469393e-01   3.8099394e-01   3.5210899e-01   3.2312301e-01   2.9184233e-01
   5.5467284e-01   5.0947076e-01   3.5745866e-01   3.8563710e-01   5.2318581e-01   3.7006826e-01   2.7777122e-01   4.7036441e-01   3.8866909e-01   2.6074939e-01   3.2623792e-01   3.4269363e-01   3.0462401e-01   3.1263887e-01   4.5220196e-01   3.7150492e-01   3.1473507e-01   2.9389167e-01
   3.6810293e-01   4.0506848e-01   3.2689285e-01   3.4182628e-01   4.7344063e-01   4.1832417e-01   2.7575825e-01   6.8631420e-01   3.6237316e-01   3.3324595e-01   2.9687133e-01   3.1265604e-01   3.7730791e-01   4.2310341e-01   3.5580466e-01   4.1120178e-01   3.1367830e-01   3.0827500e-01
   3.9577857e-01   3.6691260e-01   3.0821293e-01   3.1431121e-01   6.0912607e-01   3.8807349e-01   2.7270145e-01   6.1958630e-01   3.5547303e-01   2.5215459e-01   2.6016771e-01   3.0955961e-01   3.4924020e-01   5.5167586e-01   3.1334464e-01   4.1365649e-01   3.1333575e-01   2.6350954e-01
   4.6742331e-01   4.4002469e-01   3.1910753e-01   3.8475484e-01   6.4378054e-01   4.1928223e-01   2.6784299e-01   5.6199610e-01   3.5869985e-01   4.1818334e-01   3.3679006e-01   3.1428462e-01   3.2903820e-01   4.1528766e-01   3.6430507e-01   4.4724013e-01   3.0533032e-01   2.9264947e-01
   4.3601150e-01   3.6556168e-01   9.6603257e-02   5.0062129e-01   4.5681067e-01   4.2791603e-01   3.3496403e-01   7.2477635e-01   3.0338405e-01   3.6240792e-01   5.3506394e-01   3.2941331e-01   4.6579690e-01   5.2548982e-01   3.2471769e-01   5.1249404e-01   4.5557230e-01   4.6902712e-01
   3.2228521e-01   3.7662000e-01   9.6603257e-02   4.4603454e-01   5.5940188e-01   5.0690835e-01   5.0249722e-01   7.4341595e-01   4.6789792e-01   3.6387471e-01   3.1391899e-01   2.8998660e-01   3.3373459e-01   5.8380737e-01   2.7338378e-01   4.6459389e-01   3.4688981e-01   9.6603257e-02
   5.4380478e-01   4.8780101e-01   4.0938177e-01   3.8606799e-01   6.3289578e-01   4.0623241e-01   3.0369083e-01   5.6332763e-01   3.6645738e-01   3.0120124e-01   3.7646541e-01   3.2854389e-01   3.7258163e-01   4.1660422e-01   4.2765328e-01   4.9144294e-01   3.5461452e-01   3.2624073e-01
   3.6815629e-01   3.6421742e-01   2.7292781e-01   2.8161950e-01   5.6058146e-01   4.1395314e-01   2.8581222e-01   6.7937473e-01   3.1531221e-01   3.2276514e-01   3.1672230e-01   3.0684680e-01   3.5524819e-01   4.4957242e-01   3.0630869e-01   4.3638430e-01   3.2546599e-01   2.9584541e-01
   4.4255359e-01   4.3716015e-01   2.9892413e-01   3.1130382e-01   4.8740051e-01   4.3053289e-01   2.9892413e-01   6.9932855e-01   4.1009438e-01   2.5215459e-01   2.1389602e-01   4.2887409e-01   3.3077869e-01   4.7032482e-01   2.7981637e-01   3.3392586e-01   3.5531944e-01   2.9871440e-01
   4.8472190e-01   4.0172183e-01   2.7147925e-01   2.8472876e-01   5.0427981e-01   4.9133344e-01   3.1281718e-01   7.2413443e-01   3.4722427e-01   3.2255339e-01   3.3806447e-01   3.1597079e-01   3.8542743e-01   4.4937990e-01   4.0027879e-01   5.3727005e-01   3.7436848e-01   3.0829144e-01
   3.3701586e-01   4.0774335e-01   2.7903800e-01   2.9469804e-01   6.2369404e-01   5.7071306e-01   9.6603257e-02   7.4814880e-01   4.2984883e-01   4.2984883e-01   9.6603257e-02   9.6603257e-02   4.9998901e-01   5.2616115e-01   4.2984883e-01   4.6108750e-01   4.2160713e-01   3.1519266e-01
   3.7213161e-01   3.0258054e-01   3.3728687e-01   3.4292727e-01   4.8035471e-01   4.4103475e-01   3.3023257e-01   5.3385052e-01   3.1604014e-01   9.6603257e-02   3.4990138e-01   3.5832130e-01   3.5832130e-01   4.8908545e-01   2.8681585e-01   4.8035471e-01   4.6969570e-01   2.9678123e-01
   3.9934624e-01   3.1670413e-01   2.6039041e-01   2.5215459e-01   5.2749003e-01   4.6023216e-01   4.9924922e-01   6.9776492e-01   2.7070577e-01   9.6603257e-02   2.8740396e-01   2.7511190e-01   3.1916988e-01   4.7852814e-01   3.5036423e-01   4.9369816e-01   3.0055990e-01   2.8740396e-01
   3.5519297e-01   3.7979569e-01   3.7371001e-01   3.5483217e-01   5.2002020e-01   4.0312400e-01   1.1129318e-01   6.7423833e-01   3.4116505e-01   3.0361727e-01   2.9826279e-01   3.7001999e-01   3.2280469e-01   4.4291894e-01   3.4990138e-01   4.4939307e-01   3.4889100e-01   3.1251205e-01
   3.8615115e-01   3.7109521e-01   3.1752355e-01   9.6603257e-02   4.7555343e-01   4.0907007e-01   4.7537213e-01   7.4444063e-01   4.0134412e-01   9.6603257e-02   3.1752355e-01   3.1752355e-01   4.9568191e-01   5.1320629e-01   4.9662978e-01   4.3980973e-01   4.5178601e-01   9.6603257e-02
   5.0627535e-01   4.6187931e-01   3.3448877e-01   3.5377170e-01   6.3156085e-01   4.1612634e-01   4.2425039e-01   5.2205271e-01   3.7438931e-01   3.3532964e-01   3.6344129e-01   3.3535212e-01   3.3912212e-01   3.8833061e-01   4.1206808e-01   4.4178912e-01   3.2889340e-01   2.8828423e-01
   3.4557951e-01   3.7922214e-01   2.8673059e-01   3.2941790e-01   4.3076348e-01   4.2158471e-01   3.0171136e-01   6.3267973e-01   3.4217907e-01   2.9325575e-01   3.4609470e-01   3.2286083e-01   3.4530064e-01   3.7893857e-01   3.7467251e-01   4.1787675e-01   3.2421260e-01   3.0139702e-01
   4.2680646e-01   4.2028409e-01   3.3127803e-01   3.2710423e-01   5.3400193e-01   4.2560144e-01   3.0129768e-01   7.1218102e-01   3.3892075e-01   2.7574568e-01   3.2941834e-01   3.5408455e-01   3.4815301e-01   4.4157137e-01   3.7769798e-01   4.6005973e-01   3.7197966e-01   2.7663056e-01
   4.7346341e-01   4.0260985e-01   2.8679100e-01   3.3022853e-01   5.3052043e-01   4.2361042e-01   3.0169461e-01   6.8843215e-01   3.2526747e-01   2.8292424e-01   3.6159306e-01   2.9837303e-01   3.2995900e-01   4.2482827e-01   3.5735971e-01   4.8733686e-01   3.3801277e-01   3.1693076e-01
   3.8643631e-01   3.2478967e-01   3.5704553e-01   3.4916635e-01   4.1326039e-01   4.4395199e-01   9.6603257e-02   5.9358742e-01   2.7353072e-01   4.3202663e-01   3.2152096e-01   3.0890079e-01   3.7224272e-01   2.8062649e-01   2.5883789e-01   3.8279085e-01   4.0224090e-01   2.6148425e-01
   4.1017710e-01   4.6085010e-01   3.3423820e-01   3.9484848e-01   6.2543232e-01   3.8039352e-01   2.5215459e-01   7.0837210e-01   3.8428146e-01   3.6174556e-01   2.8738439e-01   4.3798403e-01   3.8249749e-01   5.8916264e-01   3.4990138e-01   4.0748496e-01   3.3441056e-01   3.6294138e-01
   4.9879530e-01   4.2868247e-01   2.9132379e-01   3.0533293e-01   6.3167430e-01   4.1948946e-01   2.6646431e-01   6.8290785e-01   3.6624441e-01   3.0303632e-01   3.2248796e-01   2.9337665e-01   3.2572222e-01   4.7188717e-01   3.7861479e-01   4.7209465e-01   3.2657243e-01   2.9384441e-01
   4.1267285e-01   3.6134413e-01   3.2553902e-01   3.1465590e-01   4.4918472e-01   4.5764863e-01   2.8732737e-01   6.0782302e-01   3.3291558e-01   2.8786918e-01   3.5674084e-01   2.9357396e-01   3.7918940e-01   3.8303465e-01   3.9789571e-01   4.9296082e-01   3.0461798e-01   2.8710708e-01
   3.8334111e-01   4.2033766e-01   3.4931866e-01   3.4353938e-01   6.1051458e-01   4.5427648e-01   5.2818215e-01   7.0724639e-01   3.5762676e-01   9.6603257e-02   3.4573175e-01   3.2555538e-01   2.8975630e-01   3.6290047e-01   3.1836996e-01   3.7267408e-01   4.1823571e-01   3.1378081e-01
   4.1781461e-01   3.6742895e-01   2.9368411e-01   3.3066221e-01   5.5330209e-01   3.9000754e-01   2.7629981e-01   6.8172225e-01   3.4405589e-01   2.6848322e-01   3.3978113e-01   2.9624308e-01   3.2276934e-01   4.3381792e-01   3.5237720e-01   4.4762441e-01   3.0969982e-01   2.8159175e-01
   3.4048217e-01   3.4556765e-01   9.6603257e-02   3.9719817e-01   4.8372590e-01   5.0192372e-01   9.6603257e-02   7.2892127e-01   3.5997840e-01   3.0947985e-01   3.6200781e-01   4.9842487e-01   4.6473366e-01   4.3255394e-01   2.7608965e-01   5.6540500e-01   4.0558712e-01   2.7565081e-01
   3.7024629e-01   3.7880723e-01   3.4334782e-01   3.7880723e-01   4.4529965e-01   4.2507711e-01   3.1719878e-01   6.9549677e-01   3.4334782e-01   9.6603257e-02   3.0431368e-01   3.4011259e-01   3.3426704e-01   4.8083202e-01   3.2055762e-01   4.8754816e-01   3.7996803e-01   2.6462838e-01
   4.1989963e-01   3.8868786e-01   2.5215459e-01   3.1604014e-01   3.3498709e-01   4.9779177e-01   4.5574759e-01   5.9945501e-01   2.5215459e-01   4.1282607e-01   2.9678123e-01   3.3394113e-01   5.4675834e-01   3.7660576e-01   2.7430343e-01   3.9874354e-01   4.8765882e-01   5.1327158e-01
   4.0923365e-01   4.0725319e-01   3.5373019e-01   4.2958362e-01   6.3561713e-01   4.9442110e-01   5.1105609e-01   7.5669407e-01   5.4844483e-01   9.6603257e-02   3.2715691e-01   3.5373019e-01   5.1105609e-01   6.3086040e-01   2.7409377e-01   3.9362204e-01   3.6100170e-01   4.6528458e-01
   4.8002883e-01   5.1217490e-01   3.7626674e-01   3.8727830e-01   6.3508596e-01   4.4779880e-01   4.4100785e-01   5.3494005e-01   4.3552381e-01   3.5815248e-01   2.8490732e-01   3.0001303e-01   3.9082578e-01   4.3931394e-01   3.8498608e-01   4.8820581e-01   2.9021864e-01   2.7114135e-01
   4.1862286e-01   3.8438431e-01   5.1131241e-01   3.6461775e-01   5.8386756e-01   4.5231793e-01   4.6580383e-01   7.3177023e-01   3.5511503e-01   9.6603257e-02   2.9435390e-01   3.1240886e-01   2.8918178e-01   4.7235192e-01   3.4239749e-01   4.7218349e-01   5.1131241e-01   9.6603257e-02
   3.8235222e-01   3.6570421e-01   3.2596433e-01   3.2445389e-01   4.5252203e-01   3.9795850e-01   3.3380570e-01   7.1895097e-01   3.1351638e-01   2.7748301e-01   3.1831948e-01   2.7505132e-01   3.2644467e-01   4.6637761e-01   3.4129528e-01   4.2103763e-01   3.6254149e-01   3.2107304e-01
   3.7036481e-01   3.0970218e-01   2.6627301e-01   2.5709794e-01   5.1964290e-01   4.5244794e-01   3.4603470e-01   7.0764224e-01   3.2419673e-01   3.0578046e-01   2.6507808e-01   2.8351433e-01   3.6291450e-01   3.9540285e-01   3.3564590e-01   4.4145381e-01   3.2978089e-01   2.8864191e-01
   4.7984823e-01   4.1653041e-01   3.0093519e-01   2.8013346e-01   5.5287758e-01   4.5004765e-01   3.7735393e-01   7.4208800e-01   3.1786646e-01   2.7683969e-01   3.6339213e-01   2.8128663e-01   3.8799440e-01   4.5441184e-01   3.8511301e-01   5.4248328e-01   4.2189834e-01   4.1761670e-01
   2.9425297e-01   3.6785956e-01   2.9853756e-01   3.5273798e-01   6.7267979e-01   4.2421837e-01   4.7337133e-01   7.5891410e-01   3.7554878e-01   9.6603257e-02   3.0278193e-01   2.8861074e-01   4.7337133e-01   5.4774130e-01   3.3113015e-01   3.3739217e-01   5.1075211e-01   5.0327193e-01
   4.7615258e-01   4.9897728e-01   3.3270147e-01   3.9035784e-01   4.8335076e-01   4.2794851e-01   2.6644231e-01   7.1478019e-01   4.2008788e-01   4.1556678e-01   3.1986978e-01   2.9749455e-01   3.5449364e-01   4.7190819e-01   3.7216532e-01   4.2052569e-01   3.1728403e-01   2.9056552e-01
   4.0175792e-01   4.0551241e-01   3.7438974e-01   3.7874031e-01   6.0104390e-01   5.7149650e-01   5.0570797e-01   6.7591183e-01   3.7438974e-01   9.6603257e-02   3.4780902e-01   3.2319521e-01   4.2841859e-01   4.0551241e-01   3.5099192e-01   5.8902799e-01   4.5373571e-01   2.7363321e-01
   4.0807892e-01   3.5613754e-01   3.1660251e-01   3.4878063e-01   5.3729406e-01   4.0424548e-01   2.8636125e-01   5.3085902e-01   3.5115685e-01   2.7714425e-01   2.9715842e-01   3.3454365e-01   3.1713833e-01   3.4990138e-01   3.4195217e-01   3.4241855e-01   3.3705354e-01   2.7999877e-01
   3.9414059e-01   4.1776151e-01   3.1567705e-01   3.4751451e-01   5.3539602e-01   4.3104660e-01   3.4177708e-01   7.2418972e-01   3.4299329e-01   3.1649622e-01   3.2829991e-01   3.0052157e-01   3.3939366e-01   4.3696098e-01   3.6581566e-01   4.3585189e-01   3.2820742e-01   2.9436482e-01
   3.7418873e-01   3.5698971e-01   2.9633927e-01   3.2407845e-01   6.8267467e-01   4.2805937e-01   4.1719129e-01   6.4257420e-01   3.2619164e-01   4.6544147e-01   3.6624772e-01   3.1327705e-01   3.3540000e-01   4.1921345e-01   3.0785126e-01   3.8292055e-01   3.4639451e-01   3.6922066e-01
   5.2953407e-01   4.4822873e-01   3.2868213e-01   3.5131892e-01   6.2682145e-01   4.3660412e-01   2.7819530e-01   6.3498920e-01   3.6559288e-01   2.9128371e-01   3.5378623e-01   3.0574700e-01   3.3741947e-01   4.5974991e-01   3.9548903e-01   4.9622173e-01   3.2829507e-01   2.7490540e-01
   2.1325150e-01   4.1516684e-01   9.6603257e-02   3.3335004e-01   5.7324544e-01   3.9874778e-01   9.6603257e-02   6.9859671e-01   9.6603257e-02   5.1938506e-01   2.5215459e-01   3.3867706e-01   3.5176859e-01   3.9187241e-01   3.7842719e-01   3.3335004e-01   3.3335004e-01   3.2677605e-01
   4.0377482e-01   3.9560405e-01   3.6529624e-01   3.2134133e-01   6.1048101e-01   4.8092555e-01   2.6746125e-01   7.3585858e-01   3.4073029e-01   2.9541998e-01   2.8441086e-01   3.1580347e-01   3.8321485e-01   5.1453527e-01   3.6140144e-01   5.0656351e-01   3.7461988e-01   2.9130733e-01
   3.8397818e-01   3.4990138e-01   3.0387144e-01   3.2692824e-01   5.2369107e-01   4.5939582e-01   3.0844250e-01   5.6252770e-01   3.5306432e-01   2.9353735e-01   3.4707340e-01   3.1621001e-01   3.5075299e-01   4.4291894e-01   3.7811866e-01   4.7733197e-01   3.0794041e-01   3.1864838e-01
   4.3321726e-01   4.1616181e-01   3.0262679e-01   3.0417572e-01   5.2382823e-01   4.5811363e-01   3.5534121e-01   7.1192105e-01   3.5330685e-01   3.2653619e-01   3.5389378e-01   2.8559611e-01   3.8984859e-01   3.6618499e-01   4.1416715e-01   5.2684162e-01   3.2463199e-01   3.6033014e-01
   4.2734924e-01   4.0789137e-01   3.0150592e-01   3.3022083e-01   6.7585418e-01   3.9001953e-01   3.2240188e-01   6.9135403e-01   3.3646520e-01   3.2066215e-01   2.9904057e-01   3.4366960e-01   3.7328323e-01   5.5222051e-01   3.3609532e-01   4.3665127e-01   3.4279212e-01   2.7845962e-01
   2.6093053e-01   2.7460259e-01   2.0551933e-01   2.5799460e-01   5.7027309e-01   3.7723978e-01   5.0315690e-01   7.4138359e-01   3.3894034e-01   9.6603257e-02   2.6438707e-01   2.7329641e-01   4.7912141e-01   6.1816832e-01   2.7699628e-01   3.7653072e-01   4.7403151e-01   5.0118660e-01
   5.5797423e-01   3.8232653e-01   3.1598801e-01   3.0956954e-01   6.4410571e-01   3.9934624e-01   5.0306529e-01   4.5068984e-01   3.1915757e-01   3.0651762e-01   2.8050260e-01   3.1598801e-01   3.6654185e-01   3.7660576e-01   4.4526007e-01   5.3045141e-01   3.8515298e-01   2.7174057e-01
   3.6019767e-01   3.9934624e-01   3.5615908e-01   3.6385546e-01   4.9885124e-01   4.8391961e-01   3.2009236e-01   6.7370694e-01   3.0968726e-01   9.6603257e-02   3.5222949e-01   2.5215459e-01   3.9592833e-01   3.5984869e-01   3.7408835e-01   5.3102675e-01   2.8738439e-01   9.6603257e-02
   2.7912101e-01   3.3347748e-01   3.0573549e-01   2.7660490e-01   7.3794769e-01   3.9215474e-01   4.8309200e-01   5.2749226e-01   3.8457266e-01   9.6603257e-02   2.4375385e-01   4.4603454e-01   3.0904291e-01   3.9749972e-01   3.4365777e-01   2.6433063e-01   3.8079377e-01   3.0904291e-01
   3.1323084e-01   3.2359886e-01   2.7226854e-01   3.2674919e-01   4.9660183e-01   3.9870627e-01   2.5215459e-01   6.2739515e-01   3.5330502e-01   4.9758386e-01   3.0761611e-01   3.1649813e-01   3.5536432e-01   4.1858128e-01   3.4391285e-01   3.8866909e-01   3.4122147e-01   2.7514630e-01
   2.9140207e-01   3.8866909e-01   3.1717796e-01   3.1717796e-01   6.2020224e-01   2.7645039e-01   5.1389477e-01   6.6260057e-01   3.0134698e-01   3.2441433e-01   3.0134698e-01   2.9187566e-01   3.7660576e-01   3.8420533e-01   3.0030234e-01   2.7121056e-01   3.5605221e-01   3.2441433e-01
   3.0555180e-01   3.6763349e-01   2.7624754e-01   3.0171677e-01   4.8452676e-01   3.8313900e-01   3.5241458e-01   7.0003312e-01   3.2822924e-01   9.6603257e-02   2.6432353e-01   4.2739941e-01   4.1305187e-01   4.5388641e-01   3.7311616e-01   4.6417463e-01   2.7418930e-01   1.5775240e-01
   4.5080204e-01   3.9935692e-01   3.2362634e-01   3.2362634e-01   5.2229000e-01   5.1173339e-01   4.3494162e-01   7.3685424e-01   3.1106074e-01   9.6603257e-02   3.9497519e-01   3.1401963e-01   3.6347175e-01   5.1168285e-01   3.1401963e-01   5.4356083e-01   3.6672416e-01   9.6603257e-02
   4.9098218e-01   4.4381995e-01   2.5215459e-01   3.1720175e-01   3.7265656e-01   4.4007978e-01   2.8194638e-01   6.6075898e-01   3.4409584e-01   3.0593953e-01   3.2358558e-01   2.5799460e-01   3.8439772e-01   3.2535405e-01   3.4113131e-01   5.1190897e-01   4.5487084e-01   5.0214413e-01
   4.3719013e-01   4.0004598e-01   9.6603257e-02   2.7430343e-01   5.8052791e-01   4.4915337e-01   9.6603257e-02   7.4028053e-01   2.6372123e-01   3.5832130e-01   3.5832130e-01   4.4915337e-01   5.1036809e-01   5.6320482e-01   4.4993469e-01   4.3538834e-01   3.4990138e-01   9.6603257e-02
   4.5132348e-01   4.5008540e-01   3.1275833e-01   3.4050099e-01   5.4400343e-01   4.4427723e-01   2.5927543e-01   5.7954684e-01   3.6934093e-01   2.7628649e-01   3.5245112e-01   3.2900500e-01   3.5719512e-01   3.2943802e-01   4.2390714e-01   4.1733184e-01   3.1693737e-01   3.1557529e-01
   3.9593691e-01   3.6115238e-01   3.3430487e-01   3.3214608e-01   4.5190857e-01   3.8847434e-01   2.6453250e-01   5.4270140e-01   3.3598740e-01   3.6585978e-01   2.7542701e-01   3.2661814e-01   3.3813965e-01   3.3195959e-01   3.3354261e-01   3.2913616e-01   3.1290183e-01   2.9446955e-01
   4.2841198e-01   4.1850941e-01   5.1651041e-01   4.0389577e-01   6.2812441e-01   3.9412778e-01   3.0893846e-01   7.2970489e-01   4.6609423e-01   2.7495230e-01   3.1316011e-01   9.6603257e-02   3.4934427e-01   5.4385893e-01   4.1936115e-01   4.5693629e-01   3.5572065e-01   3.2143083e-01
   5.0644592e-01   3.9186358e-01   3.0086415e-01   3.0086415e-01   4.2061199e-01   4.2587836e-01   9.6603257e-02   6.9038720e-01   3.2925050e-01   3.4545818e-01   3.6387471e-01   3.0086415e-01   3.2925050e-01   4.4566232e-01   3.9543285e-01   4.2587836e-01   4.5683795e-01   3.0086415e-01
   4.2467283e-01   4.2094334e-01   3.5666581e-01   2.9663178e-01   5.2758804e-01   4.1862606e-01   3.0863540e-01   6.4218536e-01   4.0462779e-01   3.8332125e-01   3.6994356e-01   3.6077380e-01   3.4581859e-01   4.2299067e-01   3.8677949e-01   3.9970315e-01   3.4795203e-01   3.0953459e-01
   3.7603055e-01   4.0268723e-01   3.0296425e-01   3.4990138e-01   6.1524763e-01   4.2878703e-01   3.1820236e-01   5.4655983e-01   3.7979569e-01   9.6603257e-02   3.0596611e-01   3.1269535e-01   3.8373782e-01   3.8369944e-01   4.4762441e-01   4.1609282e-01   9.6603257e-02   5.0464430e-01
   3.2255825e-01   3.8002798e-01   3.2718412e-01   3.6695866e-01   6.2758900e-01   3.7363050e-01   3.3748630e-01   5.9608169e-01   3.9108566e-01   9.6603257e-02   3.3460820e-01   3.2638072e-01   3.4128826e-01   4.4334258e-01   3.2172047e-01   3.4990138e-01   2.8737401e-01   2.6684475e-01
   5.0221743e-01   4.3559206e-01   3.3014924e-01   3.3856975e-01   4.8016733e-01   5.1496117e-01   3.1870498e-01   7.0520339e-01   3.4134492e-01   2.8829786e-01   3.1983000e-01   2.7256916e-01   3.6488427e-01   3.8019190e-01   3.9139931e-01   5.2023589e-01   3.4503800e-01   3.0495789e-01
   3.8011171e-01   3.8925890e-01   2.9454834e-01   3.1760077e-01   6.6599243e-01   4.4131520e-01   3.0182215e-01   7.3336410e-01   3.4754381e-01   4.1116214e-01   2.8903542e-01   3.4535522e-01   3.6848114e-01   5.7913228e-01   3.7636088e-01   4.0143612e-01   3.0448078e-01   3.1854603e-01
   5.0582134e-01   4.4236050e-01   2.8360048e-01   3.4785289e-01   5.5328003e-01   4.0226389e-01   2.6548214e-01   6.0667740e-01   3.5390769e-01   2.8651830e-01   3.3244956e-01   3.1512208e-01   3.0926463e-01   4.6611167e-01   3.8862251e-01   4.7627184e-01   3.1591147e-01   3.0337596e-01
   5.2587434e-01   5.0204460e-01   3.3195899e-01   3.2348208e-01   5.4004547e-01   4.0480748e-01   9.6603257e-02   4.1816899e-01   3.4990138e-01   4.9705909e-01   2.9040957e-01   2.8067052e-01   3.2239875e-01   2.9024332e-01   4.0220836e-01   3.7600983e-01   3.4829430e-01   2.9203825e-01
   5.1988644e-01   3.8685185e-01   2.8543698e-01   2.8543698e-01   4.6854034e-01   4.7168887e-01   3.5042871e-01   6.9970054e-01   2.9713625e-01   2.7303169e-01   3.0940712e-01   9.6603257e-02   3.8991682e-01   3.9327257e-01   4.4928777e-01   5.6379124e-01   3.5720875e-01   3.0616914e-01
   3.7216317e-01   3.5409822e-01   3.3045227e-01   3.2933870e-01   4.7271543e-01   3.9022706e-01   4.2801207e-01   5.2880261e-01   3.7883369e-01   3.0269493e-01   3.5255820e-01   3.3394113e-01   4.2131480e-01   3.2364755e-01   4.0896000e-01   4.6233191e-01   3.5799856e-01   2.5927543e-01
   3.4938355e-01   3.8711772e-01   9.6603257e-02   5.2583306e-01   7.4183544e-01   5.7347879e-01   5.3131716e-01   7.4213512e-01   4.4176491e-01   3.1275228e-01   9.6603257e-02   5.0075772e-01   3.2900361e-01   6.4197519e-01   3.2900361e-01   5.2308967e-01   3.5783260e-01   3.0647540e-01
   3.4990138e-01   4.0420725e-01   3.1098743e-01   3.3815186e-01   5.3673964e-01   3.9376805e-01   2.6548214e-01   5.9371967e-01   3.3879438e-01   2.8493856e-01   3.2612572e-01   3.2900500e-01   3.3809341e-01   3.2025327e-01   3.6541532e-01   3.9343134e-01   3.3970242e-01   3.0592222e-01
   3.5547519e-01   4.4822132e-01   3.2748101e-01   3.6300239e-01   5.5833142e-01   3.4379556e-01   2.7632305e-01   6.9251335e-01   3.8760162e-01   2.6075510e-01   2.6260157e-01   3.2520972e-01   3.1773656e-01   4.7472245e-01   3.8426931e-01   3.4458072e-01   3.0998068e-01   2.8430679e-01
   5.2937443e-01   4.7647103e-01   3.2929779e-01   3.5290727e-01   7.2016117e-01   4.8750574e-01   4.9305790e-01   5.7744437e-01   3.7065538e-01   4.2244554e-01   3.3634742e-01   2.7789940e-01   3.4127740e-01   3.7344310e-01   4.5651217e-01   4.9318197e-01   3.2503421e-01   3.2282701e-01
   3.7616867e-01   3.5621609e-01   3.3199490e-01   3.1957740e-01   4.1460236e-01   4.3273954e-01   2.8758764e-01   6.9304370e-01   3.7913312e-01   3.0379522e-01   4.6834553e-01   3.1703805e-01   4.0329709e-01   3.9982415e-01   4.0692977e-01   5.0647678e-01   2.9002415e-01   2.6457716e-01
   4.1993348e-01   4.0717467e-01   4.7656755e-01   4.0255316e-01   5.1070341e-01   4.2396849e-01   4.5131554e-01   7.3509147e-01   3.5327199e-01   4.2086489e-01   3.1921246e-01   3.0743265e-01   4.1695570e-01   5.3807070e-01   3.6514283e-01   4.8866148e-01   3.5963353e-01   2.8165866e-01
   4.0408197e-01   4.1915567e-01   3.0740919e-01   2.8793531e-01   5.2452453e-01   4.3825721e-01   3.5020545e-01   6.9520972e-01   3.1796353e-01   2.5215459e-01   3.9488491e-01   3.0508548e-01   3.6220096e-01   3.7695589e-01   3.7481696e-01   4.3676662e-01   3.2914811e-01   4.3202663e-01
   4.4932859e-01   4.1723484e-01   3.4015451e-01   3.2353934e-01   5.0941882e-01   4.3243377e-01   9.6603257e-02   6.6023277e-01   3.5845121e-01   2.8012724e-01   3.0101911e-01   3.0553779e-01   3.5904978e-01   4.2560828e-01   3.7455319e-01   4.6962485e-01   3.2811638e-01   3.0388555e-01
   4.3528638e-01   3.4481384e-01   3.2890465e-01   2.7624115e-01   5.3871624e-01   4.7219418e-01   3.4663221e-01   6.5226138e-01   3.5089882e-01   3.4909078e-01   3.4967730e-01   3.0255308e-01   3.8702180e-01   4.3384124e-01   3.8551313e-01   5.5695409e-01   3.4712773e-01   2.8927411e-01
   3.5984869e-01   3.7729801e-01   3.2163093e-01   3.3445183e-01   4.7214793e-01   3.7927674e-01   2.7406972e-01   6.6702844e-01   3.3035356e-01   3.0164718e-01   2.9413464e-01   3.3135131e-01   3.1101268e-01   3.8882490e-01   3.3098277e-01   3.5608519e-01   3.2003292e-01   2.8166723e-01
   4.9663956e-01   4.9532462e-01   4.0402376e-01   4.6771763e-01   7.2122568e-01   3.9494401e-01   3.1346225e-01   5.1646364e-01   4.1139978e-01   3.0045627e-01   3.2527513e-01   3.2091580e-01   3.4673383e-01   4.2400792e-01   4.0448146e-01   4.3229679e-01   3.1170157e-01   2.8378096e-01
   3.9119500e-01   3.9899744e-01   3.0529783e-01   3.2793660e-01   6.3558190e-01   4.2459162e-01   3.2321429e-01   5.8707326e-01   3.6966003e-01   2.6796066e-01   2.9573966e-01   2.9445685e-01   3.1398556e-01   4.3198030e-01   3.9362621e-01   4.1518742e-01   2.9871062e-01   2.9031751e-01
   3.9390590e-01   3.9367946e-01   3.5256235e-01   3.6744176e-01   7.2123411e-01   3.6873843e-01   3.5840025e-01   7.3465853e-01   3.9780647e-01   4.9402087e-01   2.9642929e-01   3.1166245e-01   3.4561091e-01   6.2724317e-01   3.3991771e-01   3.9214724e-01   4.0644431e-01   2.7267936e-01
   3.9524908e-01   3.4990138e-01   3.3817695e-01   3.7614958e-01   4.5390072e-01   3.7108783e-01   2.7247176e-01   6.1013857e-01   3.5779088e-01   2.7247176e-01   3.1281359e-01   3.1666015e-01   3.2660103e-01   3.6804372e-01   3.7056352e-01   4.1198854e-01   3.2525915e-01   3.1281359e-01
   3.8902962e-01   4.7057249e-01   3.5308961e-01   9.6603257e-02   5.4756639e-01   3.4887322e-01   3.5308961e-01   6.9402289e-01   3.5308961e-01   3.1741298e-01   2.7680920e-01   3.1741298e-01   3.4990138e-01   5.9286111e-01   3.8902962e-01   2.8279554e-01   3.8345243e-01   9.6603257e-02
   5.0147750e-01   4.7265149e-01   5.1226904e-01   4.5495113e-01   6.3832302e-01   4.2679330e-01   4.9528783e-01   6.8602954e-01   3.4718216e-01   2.6969851e-01   3.3498898e-01   3.7581982e-01   3.6238581e-01   5.1522753e-01   3.8956821e-01   5.0488499e-01   4.1538050e-01   3.1275228e-01
   3.4803021e-01   2.9961862e-01   3.1146727e-01   3.0849779e-01   4.3070713e-01   4.4002063e-01   2.7421755e-01   6.9638920e-01   3.7921264e-01   2.7647927e-01   3.2468127e-01   2.7647927e-01   3.5154393e-01   3.6584509e-01   3.0710465e-01   3.6995143e-01   3.5929822e-01   2.7421755e-01
   4.1281770e-01   4.0053188e-01   2.8800846e-01   3.0803377e-01   6.2423952e-01   4.2307455e-01   4.4749262e-01   7.3822946e-01   4.2233686e-01   3.9409918e-01   3.3434304e-01   3.7001787e-01   3.8536716e-01   4.6150783e-01   3.7153097e-01   4.2884468e-01   4.2835336e-01   2.7494886e-01
   5.3061554e-01   4.6911576e-01   3.5744405e-01   3.7952993e-01   5.5219562e-01   4.0934385e-01   2.7590157e-01   5.6171843e-01   4.2180500e-01   2.6473132e-01   4.0227862e-01   3.2063095e-01   3.5439231e-01   3.9353430e-01   4.5083333e-01   4.9175927e-01   3.2277886e-01   2.7929237e-01
   4.1005069e-01   4.4332268e-01   3.9729734e-01   3.8148484e-01   5.3853062e-01   4.2226869e-01   3.0936764e-01   6.6285861e-01   3.7149913e-01   9.6603257e-02   3.3146041e-01   3.5716667e-01   3.4987807e-01   5.0224097e-01   3.7286744e-01   5.2524749e-01   3.3620809e-01   4.9834472e-01
   4.4762209e-01   4.3493489e-01   2.8386510e-01   3.1597721e-01   6.8001201e-01   4.4413041e-01   2.8192147e-01   7.4516358e-01   3.6179201e-01   4.0397335e-01   3.4679473e-01   3.3624022e-01   3.9880348e-01   5.5341263e-01   3.4121008e-01   4.3510364e-01   5.0249907e-01   3.3117664e-01
   4.4566232e-01   4.3218131e-01   3.1918720e-01   3.6245139e-01   6.2999710e-01   4.4439924e-01   3.9769497e-01   7.1018000e-01   3.5787812e-01   4.5851761e-01   3.6871374e-01   3.9579379e-01   4.4736148e-01   5.0065350e-01   3.7892218e-01   4.6272770e-01   3.6611542e-01   3.0295517e-01
   4.8138464e-01   4.2338085e-01   2.9123398e-01   3.1446510e-01   6.2307039e-01   5.2642876e-01   2.8554770e-01   7.3365884e-01   3.4539718e-01   3.6115888e-01   3.0137129e-01   3.0195002e-01   3.9270293e-01   4.9382879e-01   3.4042257e-01   5.1257658e-01   3.7063138e-01   3.0896921e-01
   3.8949463e-01   4.0902106e-01   3.2146246e-01   3.3345739e-01   7.5570189e-01   3.8651060e-01   9.6603257e-02   6.3888483e-01   4.1565492e-01   4.9681094e-01   3.0036331e-01   4.7417531e-01   3.9851219e-01   5.4568001e-01   3.4557389e-01   3.4980107e-01   3.6670888e-01   3.1225856e-01
   3.1029908e-01   3.8369944e-01   3.2821199e-01   3.3886622e-01   6.0725526e-01   4.3433051e-01   3.2215275e-01   6.7405316e-01   3.2484321e-01   1.2089667e-01   2.6160510e-01   3.2821199e-01   3.4912633e-01   4.0929484e-01   2.6160510e-01   3.6946896e-01   2.8936804e-01   2.8936804e-01
   4.6999694e-01   4.3391681e-01   3.4597598e-01   3.2720892e-01   4.2921903e-01   4.8210074e-01   4.0344938e-01   7.3927016e-01   3.5197751e-01   3.7303557e-01   3.3815574e-01   2.9018009e-01   4.3147112e-01   4.2032802e-01   4.4901435e-01   5.5073333e-01   4.7617179e-01   3.0229012e-01
   3.9549433e-01   4.2864141e-01   2.9674999e-01   3.1084012e-01   5.5799183e-01   4.2409387e-01   2.8537643e-01   6.3791944e-01   3.5262149e-01   3.8665833e-01   3.7727209e-01   3.0873624e-01   3.4490029e-01   3.7157055e-01   3.9877454e-01   3.8890323e-01   3.0957645e-01   2.8961711e-01
   2.9854057e-01   3.0601115e-01   2.9840426e-01   2.6422999e-01   5.4012639e-01   4.0496067e-01   3.0312637e-01   6.0980639e-01   3.5996200e-01   4.7593658e-01   3.3500324e-01   3.2097049e-01   3.4174917e-01   4.4693284e-01   2.9793588e-01   4.0730638e-01   3.4273988e-01   3.1016839e-01
   5.3136138e-01   4.1582500e-01   4.4603454e-01   9.6603257e-02   6.8695999e-01   5.8291618e-01   4.7622671e-01   5.4575229e-01   4.1768462e-01   4.7622671e-01   9.6603257e-02   4.4603454e-01   4.9993647e-01   4.0524682e-01   2.5215459e-01   5.1185304e-01   4.1768462e-01   3.7306867e-01
   4.6087118e-01   3.7805868e-01   3.1385937e-01   3.0507832e-01   5.5966047e-01   5.3918942e-01   3.6218737e-01   7.3704539e-01   3.2853122e-01   3.1986978e-01   3.0693042e-01   2.7289541e-01   4.3175689e-01   4.0457541e-01   4.1508136e-01   5.9923097e-01   3.9091180e-01   3.1651591e-01
   3.7126056e-01   3.6109202e-01   2.7070924e-01   2.9078125e-01   6.5196689e-01   4.4881762e-01   2.7825144e-01   7.2610448e-01   3.4174796e-01   9.6603257e-02   3.4111602e-01   2.7070924e-01   3.6011111e-01   4.7309314e-01   3.3660492e-01   4.5902680e-01   3.2958034e-01   3.0578046e-01
   4.2903591e-01   4.7241180e-01   3.4064426e-01   3.4329522e-01   6.9574872e-01   4.2333183e-01   2.8015261e-01   5.5203314e-01   3.8552676e-01   9.6603257e-02   3.4013378e-01   3.1621181e-01   3.9962728e-01   3.8785628e-01   4.0549734e-01   4.5383543e-01   3.7442497e-01   2.8183429e-01
   2.8451614e-01   3.3440974e-01   3.3305716e-01   3.4571945e-01   5.9008307e-01   3.3371943e-01   2.9824149e-01   5.2834954e-01   3.6583233e-01   2.8935117e-01   2.6205051e-01   3.5441493e-01   3.4562771e-01   3.8713486e-01   2.9300138e-01   3.0566031e-01   2.9171565e-01   2.7276198e-01
   4.3504324e-01   3.8700467e-01   3.2816744e-01   2.7773889e-01   4.8320850e-01   3.7248936e-01   2.5215459e-01   4.5540711e-01   4.1415573e-01   4.7070860e-01   3.6229937e-01   2.8064767e-01   3.5212652e-01   3.1611140e-01   3.0238315e-01   3.6549964e-01   2.9176737e-01   3.5456188e-01
   3.8579327e-01   3.8859840e-01   2.7432306e-01   2.8985978e-01   5.2886477e-01   4.7971077e-01   3.3250871e-01   7.3539460e-01   3.0626651e-01   4.5753010e-01   2.9885206e-01   3.2837506e-01   3.8937902e-01   5.2369903e-01   3.0066927e-01   4.9692498e-01   3.7898564e-01   3.0510349e-01
   5.2479180e-01   4.5784878e-01   3.2144295e-01   3.2558171e-01   5.3905098e-01   4.2635724e-01   2.9037867e-01   5.7741143e-01   3.8764562e-01   2.7368775e-01   3.6001345e-01   3.2487830e-01   3.5049782e-01   4.1398492e-01   4.1441713e-01   4.8359494e-01   3.2971842e-01   2.9830158e-01
   4.0330157e-01   3.6672169e-01   3.1608174e-01   3.4312681e-01   5.8770957e-01   4.5914656e-01   4.9601548e-01   6.3866710e-01   3.3441931e-01   2.7116347e-01   3.4632707e-01   3.1689719e-01   3.5138694e-01   4.1099735e-01   3.9109819e-01   5.2952825e-01   3.1689719e-01   2.9241145e-01
   2.8687850e-01   3.2280964e-01   2.9856483e-01   3.1581424e-01   4.5516376e-01   4.6003994e-01   3.0223778e-01   6.9961462e-01   3.9079307e-01   3.5010653e-01   3.3419797e-01   2.9514893e-01   4.2305436e-01   3.8498608e-01   3.1788392e-01   4.5034669e-01   3.0666619e-01   2.8834063e-01
   3.3286124e-01   5.3024959e-01   9.6603257e-02   3.2677605e-01   5.1573343e-01   3.8369944e-01   3.3867706e-01   7.0419413e-01   3.3335004e-01   2.9719369e-01   9.6603257e-02   9.6603257e-02   4.2587836e-01   4.0556798e-01   3.8369944e-01   4.3776490e-01   4.5584997e-01   9.6603257e-02
   3.5217228e-01   3.5027070e-01   3.5386861e-01   3.5390820e-01   4.6112424e-01   3.6540278e-01   2.8362772e-01   5.3006248e-01   3.6897987e-01   2.8154814e-01   3.3505263e-01   3.0892977e-01   3.3289418e-01   3.7286906e-01   3.3937765e-01   3.7297015e-01   3.1025348e-01   3.0029482e-01
   4.3957012e-01   3.4070044e-01   3.1251205e-01   3.1251205e-01   5.9644577e-01   5.7936632e-01   9.6603257e-02   7.2933792e-01   3.1251205e-01   3.1251205e-01   9.6603257e-02   3.1251205e-01   3.7286744e-01   3.4986133e-01   9.6603257e-02   6.0286864e-01   3.4986133e-01   3.4889100e-01
   3.7557473e-01   3.9280372e-01   3.0067210e-01   3.2747459e-01   4.5796119e-01   3.7780761e-01   2.9862771e-01   6.8043262e-01   3.4612100e-01   3.2076795e-01   3.2618798e-01   3.2489328e-01   3.5807915e-01   4.5785481e-01   3.6379346e-01   4.2107542e-01   3.5599322e-01   2.9675741e-01
   3.8614751e-01   4.0946201e-01   9.6603257e-02   2.7831895e-01   4.7218349e-01   3.7386212e-01   2.8918178e-01   7.1357575e-01   3.2199289e-01   2.8918178e-01   3.9338394e-01   9.6603257e-02   3.7985614e-01   4.2398786e-01   3.2339612e-01   4.4687102e-01   3.6240049e-01   3.1894392e-01
   4.3521188e-01   4.7022258e-01   3.7067354e-01   3.8917106e-01   6.9657794e-01   4.9105408e-01   3.6408617e-01   7.4127744e-01   4.0102483e-01   3.0873495e-01   3.6731071e-01   3.4751415e-01   4.1745903e-01   4.5685610e-01   4.0188927e-01   4.9882495e-01   3.9422355e-01   4.2455541e-01
   3.1345929e-01   4.1005069e-01   3.2399411e-01   3.5089965e-01   6.2446102e-01   3.3149733e-01   3.2399411e-01   5.9634814e-01   3.5658743e-01   9.6603257e-02   3.8369944e-01   3.2791079e-01   3.7842719e-01   3.9651931e-01   4.1100286e-01   4.7574316e-01   3.5366613e-01   3.2399411e-01
   5.1726799e-01   4.7044843e-01   4.2886058e-01   3.6051380e-01   5.3837126e-01   4.6851231e-01   2.6383721e-01   7.2439507e-01   3.6510590e-01   3.0819463e-01   2.7428871e-01   3.0738690e-01   3.6063322e-01   4.9245625e-01   4.1611911e-01   5.2147098e-01   3.5488272e-01   2.8725901e-01
   6.5009862e-01   2.8681585e-01   3.9874354e-01   2.9257037e-01   6.5041549e-01   7.1037206e-01   5.3855835e-01   6.6441757e-01   3.4990138e-01   9.6603257e-02   5.8172257e-01   2.7430343e-01   5.1036809e-01   5.3855835e-01   3.6802431e-01   6.9990540e-01   9.6603257e-02   9.6603257e-02
   4.8228923e-01   5.1140830e-01   4.0812840e-01   4.1931718e-01   4.8844086e-01   4.0459268e-01   2.8833637e-01   7.1416344e-01   4.2244777e-01   4.1816390e-01   3.1165285e-01   3.5618967e-01   3.3688847e-01   4.3034910e-01   3.9486376e-01   4.5502465e-01   3.2073827e-01   3.8380841e-01
   4.1406373e-01   4.1637888e-01   3.4617965e-01   3.7433469e-01   4.3876750e-01   3.7146675e-01   2.1389602e-01   4.6178306e-01   3.8135391e-01   3.6136034e-01   2.6652357e-01   3.0961854e-01   3.3388776e-01   3.6011999e-01   4.1302952e-01   3.1997337e-01   3.1026796e-01   2.9133162e-01
   3.6785902e-01   4.6116525e-01   4.9775267e-01   2.9840926e-01   6.2327894e-01   5.4650352e-01   5.1550420e-01   7.4112108e-01   4.3533019e-01   3.2052379e-01   9.6603257e-02   3.6188758e-01   4.0507229e-01   6.1301098e-01   3.1277434e-01   4.3051444e-01   4.3603368e-01   3.0853833e-01
   5.4646788e-01   4.2822198e-01   3.1926921e-01   3.1438808e-01   4.2783221e-01   4.5682245e-01   2.7678819e-01   5.6717902e-01   3.7004217e-01   3.3618264e-01   3.6716932e-01   2.7446667e-01   3.6067485e-01   3.6462041e-01   4.2051899e-01   5.6631750e-01   3.2587176e-01   2.7549168e-01
   4.0893231e-01   3.9992862e-01   3.1818167e-01   2.7120861e-01   4.3393348e-01   4.2690689e-01   2.5215459e-01   7.2056471e-01   3.7715503e-01   4.7613741e-01   3.2870822e-01   2.9676605e-01   3.5860842e-01   4.4199647e-01   4.3679742e-01   4.6317391e-01   3.6688875e-01   2.9582282e-01
   4.3586503e-01   4.5323777e-01   3.5523716e-01   3.3205556e-01   6.2217307e-01   4.6998086e-01   4.2257170e-01   7.4143169e-01   4.2943968e-01   4.2909218e-01   3.3958775e-01   3.8177212e-01   4.1039475e-01   4.3387061e-01   3.8630588e-01   4.9488305e-01   3.5961460e-01   3.2661432e-01
   4.9958132e-01   4.8113986e-01   3.3672366e-01   3.4830656e-01   6.2954746e-01   4.5841309e-01   3.5542531e-01   6.9259924e-01   4.3445382e-01   4.2268098e-01   2.9649440e-01   3.0170380e-01   3.5447390e-01   4.4235153e-01   3.3837629e-01   4.4453870e-01   3.3649837e-01   4.0630872e-01
   4.2532440e-01   4.3002914e-01   3.3568480e-01   3.9391548e-01   5.9671763e-01   3.8414444e-01   2.6370840e-01   5.4569407e-01   3.8324559e-01   2.7839674e-01   3.7059081e-01   3.1900752e-01   3.4466715e-01   4.3829835e-01   3.8303218e-01   4.3130816e-01   2.9157222e-01   2.8304508e-01
   3.9620696e-01   4.0480538e-01   3.7779019e-01   3.4870114e-01   7.2553130e-01   3.8987513e-01   4.2299528e-01   6.4244768e-01   3.7208609e-01   4.3979471e-01   3.3608962e-01   4.2530845e-01   3.9390748e-01   4.5430961e-01   4.4198056e-01   4.3976812e-01   2.9697276e-01   3.0792948e-01
   3.8810606e-01   3.8810606e-01   3.5469318e-01   3.5469318e-01   4.8667714e-01   5.1909637e-01   9.6603257e-02   7.4340321e-01   3.5469318e-01   4.5628433e-01   9.6603257e-02   9.6603257e-02   4.4461465e-01   4.8014864e-01   9.6603257e-02   5.0904816e-01   9.6603257e-02   9.6603257e-02
