   6.0701751e-01   6.4483099e-01   3.2919845e-01   3.7286705e-01   4.9432871e-01   3.9337467e-01   9.6603257e-02   5.0184954e-01   6.2545323e-01   9.6603257e-02   4.9941533e-01   2.8833198e-01   3.6812418e-01   3.6318941e-01   4.8743478e-01   5.0126035e-01   3.2457052e-01   2.9133235e-01
   7.1524384e-01   7.3326304e-01   4.5434956e-01   5.0027150e-01   4.6227410e-01   3.3897797e-01   2.5855319e-01   2.9567396e-01   5.4123353e-01   9.6603257e-02   3.0732220e-01   2.6325743e-01   3.1520656e-01   2.9267771e-01   5.2280235e-01   4.6793229e-01   3.0056917e-01   3.6118647e-01
   6.6167616e-01   5.1866753e-01   3.0924717e-01   3.6992295e-01   4.8023961e-01   3.6992295e-01   9.6603257e-02   6.6166569e-01   3.5233468e-01   9.6603257e-02   3.0924717e-01   9.6603257e-02   3.2516180e-01   3.8653468e-01   4.8584739e-01   3.7660576e-01   4.5048985e-01   9.6603257e-02
   5.6901762e-01   5.4262423e-01   3.7508504e-01   3.3080610e-01   4.7144812e-01   3.6703950e-01   9.6603257e-02   5.6849605e-01   4.3342713e-01   9.6603257e-02   4.2515032e-01   3.1782196e-01   3.3733476e-01   3.1919939e-01   5.4666576e-01   4.6337697e-01   4.9088463e-01   3.1036087e-01
   7.3065320e-01   7.1543487e-01   2.7372919e-01   3.5965115e-01   4.3034571e-01   3.4754381e-01   9.6603257e-02   5.0570621e-01   4.6010304e-01   9.6603257e-02   2.8867382e-01   3.4336422e-01   4.5654203e-01   3.3455220e-01   6.7847759e-01   4.9619891e-01   3.4336422e-01   9.6603257e-02
   5.2812147e-01   6.0533744e-01   3.4539718e-01   3.4539718e-01   5.7078926e-01   4.8702798e-01   3.1855730e-01   6.1042387e-01   4.6854034e-01   2.7356966e-01   3.5828866e-01   2.8199166e-01   4.2837531e-01   3.8398307e-01   5.3635450e-01   5.5990253e-01   2.8580324e-01   9.6603257e-02
   7.3766115e-01   5.0000000e-01   5.0306529e-01   9.6603257e-02   4.7901545e-01   5.0551027e-01   9.6603257e-02   5.8095060e-01   3.8879570e-01   3.1598801e-01   3.8278843e-01   9.6603257e-02   3.5219505e-01   3.2442567e-01   5.2703180e-01   6.9122317e-01   3.8879570e-01   4.3049959e-01
   5.9466115e-01   5.5949319e-01   2.6517015e-01   2.6811114e-01   6.1762653e-01   3.8049249e-01   9.6603257e-02   4.9146010e-01   3.0799751e-01   9.6603257e-02   4.9793965e-01   3.0048374e-01   5.0919598e-01   4.3749491e-01   6.3296050e-01   4.2921903e-01   4.0658944e-01   3.2456515e-01
   6.5112678e-01   5.5667732e-01   3.2369341e-01   3.4887322e-01   5.6132662e-01   4.4299795e-01   9.6603257e-02   4.2283540e-01   4.6883319e-01   9.6603257e-02   5.1473390e-01   3.0209769e-01   3.8791101e-01   3.0970218e-01   5.7078097e-01   5.3996807e-01   3.1892953e-01   9.6603257e-02
   6.3460371e-01   5.2808266e-01   3.3099464e-01   3.2981443e-01   5.1200557e-01   4.3188648e-01   2.5215459e-01   4.3107159e-01   3.7660576e-01   2.6190507e-01   3.1234826e-01   2.8332605e-01   3.0312408e-01   2.8624812e-01   4.0848692e-01   4.8753826e-01   3.2248675e-01   2.8459213e-01
   6.4588199e-01   5.6547930e-01   2.8906135e-01   3.1106074e-01   3.4292355e-01   3.5514991e-01   2.7295059e-01   5.1582061e-01   3.2319166e-01   2.7295059e-01   3.4948178e-01   2.7495230e-01   3.5303306e-01   3.2042424e-01   7.5091638e-01   5.4756639e-01   2.8867382e-01   2.7495230e-01
   5.0596222e-01   5.1008462e-01   9.6603257e-02   3.1598801e-01   4.5006150e-01   3.5890166e-01   9.6603257e-02   5.6519236e-01   3.6571635e-01   3.1342842e-01   3.9049989e-01   9.6603257e-02   4.6521676e-01   2.6518022e-01   7.3842640e-01   5.7456840e-01   4.4741968e-01   9.6603257e-02
   6.2685188e-01   5.2705440e-01   3.2715691e-01   3.2715691e-01   5.5343090e-01   4.4275892e-01   9.6603257e-02   5.7567196e-01   3.5469318e-01   9.6603257e-02   5.0442141e-01   9.6603257e-02   4.0822398e-01   4.1410547e-01   4.5628433e-01   7.4043207e-01   9.6603257e-02   9.6603257e-02
   6.7400264e-01   5.9701310e-01   3.4929605e-01   3.5484742e-01   5.5606594e-01   4.0667033e-01   9.6603257e-02   4.4566232e-01   3.8908559e-01   4.2346340e-01   3.4014612e-01   3.1802886e-01   3.4747322e-01   3.8239788e-01   5.2458944e-01   5.2007392e-01   3.3317679e-01   2.9605089e-01
   5.3521582e-01   6.6976743e-01   3.2331876e-01   3.4990138e-01   3.4990138e-01   3.4990138e-01   9.6603257e-02   6.7621946e-01   4.0413235e-01   9.6603257e-02   3.4990138e-01   9.6603257e-02   4.0413235e-01   3.4990138e-01   5.3369878e-01   3.9497519e-01   9.6603257e-02   9.6603257e-02
   5.4523764e-01   4.7458844e-01   2.1511233e-01   2.3420228e-01   3.1909219e-01   2.6839173e-01   9.6603257e-02   5.6026249e-01   3.3647410e-01   9.6603257e-02   4.4474396e-01   2.7418930e-01   3.2081974e-01   3.1257147e-01   5.4148269e-01   4.1676195e-01   3.4948078e-01   1.4351017e-01
   6.1694806e-01   4.4987792e-01   3.2998148e-01   2.9341542e-01   4.2040494e-01   3.8278244e-01   9.6603257e-02   6.2212133e-01   3.0674544e-01   9.6603257e-02   3.5853299e-01   2.9851069e-01   3.5853299e-01   3.8541672e-01   6.7510490e-01   5.1531412e-01   3.8875004e-01   3.0072269e-01
   7.0090678e-01   5.3372015e-01   9.6603257e-02   2.5215459e-01   4.5632145e-01   3.7908109e-01   9.6603257e-02   6.0299521e-01   4.3005927e-01   2.7140421e-01   3.8487886e-01   9.6603257e-02   3.6412228e-01   3.6426114e-01   7.2308594e-01   5.9550675e-01   3.1784060e-01   3.9545175e-01
   5.4893837e-01   5.9873228e-01   3.2555538e-01   3.2555538e-01   4.1016851e-01   4.8305057e-01   9.6603257e-02   5.9873228e-01   9.6603257e-02   9.6603257e-02   4.0126772e-01   3.2555538e-01   5.0194726e-01   3.5040469e-01   5.9069186e-01   7.3053449e-01   9.6603257e-02   9.6603257e-02
   7.3854349e-01   5.3165586e-01   5.0570797e-01   3.1969019e-01   5.4154896e-01   4.4117304e-01   9.6603257e-02   5.7323452e-01   3.6770234e-01   2.8697060e-01   3.9497601e-01   9.6603257e-02   4.1075267e-01   3.6770234e-01   7.4186354e-01   6.3666562e-01   3.1969019e-01   3.4515128e-01
   7.2385254e-01   7.3232061e-01   4.3133943e-01   4.3133943e-01   6.2339424e-01   4.0126772e-01   9.6603257e-02   5.4467862e-01   4.5908799e-01   9.6603257e-02   3.7438974e-01   9.6603257e-02   3.3401248e-01   4.5908799e-01   6.6012935e-01   5.2194664e-01   5.5666866e-01   9.6603257e-02
   7.4356079e-01   6.9110011e-01   5.3640066e-01   4.9271235e-01   6.1630056e-01   6.1641118e-01   9.6603257e-02   7.1115381e-01   5.3640066e-01   9.6603257e-02   5.7803084e-01   9.6603257e-02   5.3640066e-01   5.6320482e-01   6.1641118e-01   7.2441856e-01   9.6603257e-02   9.6603257e-02
   7.4079885e-01   7.3632917e-01   2.5215459e-01   2.6377158e-01   3.7213560e-01   4.4587562e-01   9.6603257e-02   4.4479336e-01   2.6854195e-01   9.6603257e-02   3.1405982e-01   2.5215459e-01   3.5020545e-01   3.5570895e-01   6.5009862e-01   6.3998894e-01   9.6603257e-02   2.5215459e-01
   7.0119447e-01   6.3865695e-01   4.7246202e-01   3.9850541e-01   4.7023347e-01   4.6730725e-01   9.6603257e-02   5.3747795e-01   4.4655784e-01   2.8646778e-01   3.6271558e-01   2.5215459e-01   4.6372695e-01   4.3036324e-01   5.2590379e-01   5.7842283e-01   3.3149733e-01   2.9113490e-01
   7.2892008e-01   6.0251338e-01   4.7921204e-01   2.6029620e-01   4.1589456e-01   3.8983617e-01   9.6603257e-02   5.8702114e-01   5.2292280e-01   9.6603257e-02   4.2115039e-01   2.7344357e-01   3.4954733e-01   3.7832121e-01   5.3996807e-01   5.2869416e-01   4.4790570e-01   9.6603257e-02
   6.0806813e-01   4.9469304e-01   3.5020545e-01   3.3902126e-01   5.9191545e-01   3.7830315e-01   9.6603257e-02   4.8240965e-01   3.8708533e-01   3.0321519e-01   4.4769456e-01   2.9365586e-01   3.3488303e-01   3.9531357e-01   4.7679644e-01   5.5556638e-01   2.8119916e-01   3.3105400e-01
   7.3924771e-01   6.3358346e-01   4.1240596e-01   3.5751975e-01   4.7704504e-01   4.2081371e-01   9.6603257e-02   5.9053851e-01   5.5548398e-01   9.6603257e-02   4.0052517e-01   3.1784536e-01   4.2268036e-01   4.3631416e-01   6.5598706e-01   6.4962125e-01   4.1796067e-01   9.6603257e-02
   6.0663019e-01   5.1573434e-01   2.8935117e-01   3.3956076e-01   3.5468177e-01   3.4990138e-01   9.6603257e-02   4.3136197e-01   3.6438287e-01   3.0352228e-01   2.8103595e-01   2.8478418e-01   3.1770393e-01   3.7734960e-01   4.8992523e-01   5.7288195e-01   3.4265802e-01   2.9535092e-01
   5.6162519e-01   6.5799374e-01   4.4566232e-01   4.2974526e-01   4.6298090e-01   3.7565120e-01   9.6603257e-02   5.1614546e-01   4.2138626e-01   9.6603257e-02   4.3119371e-01   3.7286744e-01   3.5336240e-01   3.3055515e-01   5.1139117e-01   4.9715667e-01   3.1571386e-01   9.6603257e-02
   7.4171013e-01   5.3906368e-01   2.9687554e-01   3.3007595e-01   3.7200210e-01   4.3571017e-01   9.6603257e-02   2.9562455e-01   2.6760324e-01   9.6603257e-02   3.0850361e-01   3.1544981e-01   2.9002895e-01   2.3247238e-01   5.4882638e-01   5.2087681e-01   3.2989553e-01   9.6603257e-02
   7.1102939e-01   5.2995562e-01   2.8605354e-01   2.8605354e-01   5.7655631e-01   4.2922701e-01   9.6603257e-02   4.4812361e-01   3.7640203e-01   2.5215459e-01   6.4780400e-01   2.7253044e-01   4.6992350e-01   3.4244466e-01   4.9590512e-01   7.4139899e-01   3.7509947e-01   3.0374742e-01
   5.7460997e-01   5.6683726e-01   3.5965115e-01   4.0505443e-01   4.8001547e-01   3.2580066e-01   9.6603257e-02   3.0761164e-01   4.5068984e-01   3.2580066e-01   5.2229856e-01   1.4076678e-01   3.2580066e-01   2.5215459e-01   6.6783149e-01   5.1024836e-01   3.3489375e-01   9.6603257e-02
   6.0486643e-01   5.3788808e-01   3.6512619e-01   3.9857359e-01   7.0138632e-01   6.8654071e-01   9.6603257e-02   5.5305387e-01   4.0831964e-01   9.6603257e-02   5.7149650e-01   3.6512619e-01   4.6655312e-01   4.6151120e-01   5.5396083e-01   6.4699186e-01   3.3620809e-01   9.6603257e-02
   7.0139729e-01   6.3881558e-01   3.2617238e-01   3.5235659e-01   5.5478687e-01   4.6798692e-01   9.6603257e-02   5.3687110e-01   3.9233951e-01   3.0883582e-01   3.3682425e-01   2.8421085e-01   3.7080578e-01   3.6047628e-01   5.1713662e-01   5.3492813e-01   3.6307480e-01   2.8421085e-01
   7.4229209e-01   7.4030594e-01   3.6150476e-01   4.2389396e-01   3.6856418e-01   5.1585373e-01   9.6603257e-02   5.0871394e-01   4.6087076e-01   9.6603257e-02   5.2661168e-01   3.2926638e-01   3.8276461e-01   3.7660576e-01   6.3408768e-01   6.2799790e-01   3.1962010e-01   2.7333777e-01
   7.3746108e-01   6.7231340e-01   5.3253557e-01   5.3253557e-01   5.7222970e-01   4.2143597e-01   9.6603257e-02   4.9100117e-01   5.3253557e-01   9.6603257e-02   3.8902962e-01   9.6603257e-02   9.6603257e-02   3.5308961e-01   7.3918605e-01   6.1520059e-01   9.6603257e-02   9.6603257e-02
   7.2465374e-01   6.4592154e-01   3.9804308e-01   3.9793147e-01   6.0923228e-01   3.9003897e-01   9.6603257e-02   4.5545000e-01   4.5646635e-01   4.9723618e-01   3.7752566e-01   3.6793388e-01   3.4956354e-01   3.6689496e-01   6.5549183e-01   5.3637192e-01   3.1543439e-01   2.8010203e-01
   5.6893346e-01   4.7191730e-01   2.9095464e-01   3.3252086e-01   6.8462366e-01   3.5821332e-01   9.6603257e-02   4.7340512e-01   3.4646737e-01   2.6779467e-01   4.3968340e-01   2.5215459e-01   3.0895371e-01   4.5416581e-01   7.0202898e-01   4.7890732e-01   3.1657647e-01   4.2551490e-01
   7.1087195e-01   6.1604057e-01   3.1342842e-01   3.1915757e-01   4.7753709e-01   3.8195062e-01   9.6603257e-02   5.6994634e-01   4.1049575e-01   9.6603257e-02   3.3969762e-01   3.0651762e-01   3.5888706e-01   3.8339376e-01   7.0448484e-01   5.6678144e-01   3.3017221e-01   2.7299110e-01
   4.8284711e-01   4.0855018e-01   2.8996711e-01   2.8996711e-01   4.3857513e-01   3.5185453e-01   9.6603257e-02   5.3179307e-01   3.3852846e-01   3.0543275e-01   6.8250003e-01   2.7022025e-01   3.8762832e-01   3.7286744e-01   4.9908906e-01   6.2675793e-01   3.4108293e-01   2.8960741e-01
   7.4294298e-01   6.4838923e-01   5.1938506e-01   3.6788356e-01   4.6315083e-01   4.7468805e-01   9.6603257e-02   3.5658743e-01   4.8081592e-01   9.6603257e-02   6.3756457e-01   9.6603257e-02   5.2583849e-01   3.6788356e-01   6.9908849e-01   6.9908849e-01   9.6603257e-02   1.5243801e-01
   7.1861390e-01   6.9162247e-01   3.4767909e-01   3.4767909e-01   4.7930923e-01   3.6805730e-01   9.6603257e-02   3.4990138e-01   3.4767909e-01   9.6603257e-02   9.6603257e-02   9.6603257e-02   4.9208812e-01   3.5273798e-01   6.3125116e-01   7.2970489e-01   3.1106074e-01   9.6603257e-02
   6.0510613e-01   5.5641580e-01   3.5508352e-01   3.6396670e-01   5.5430770e-01   4.6286992e-01   9.6603257e-02   4.3234123e-01   4.1714148e-01   9.6603257e-02   3.6271358e-01   3.1581424e-01   3.6924341e-01   3.4527084e-01   4.5685801e-01   5.0594067e-01   2.9912776e-01   3.1411415e-01
   7.0753031e-01   7.3951726e-01   4.3051444e-01   4.3051444e-01   4.3613408e-01   4.0694665e-01   9.6603257e-02   5.6854768e-01   5.8655342e-01   9.6603257e-02   2.9091475e-01   3.2052379e-01   4.0855053e-01   3.6785902e-01   4.7929418e-01   5.1155901e-01   3.5350889e-01   3.2052379e-01
   5.5726964e-01   5.1792071e-01   2.7334881e-01   2.7334881e-01   4.7649575e-01   5.4798977e-01   9.6603257e-02   5.8019451e-01   3.4569051e-01   3.3349786e-01   5.7087868e-01   1.2801651e-01   4.7481262e-01   3.6661951e-01   5.4834347e-01   6.0671134e-01   3.2026832e-01   2.8145700e-01
   4.7483290e-01   4.8090363e-01   3.5850508e-01   2.3247238e-01   4.4030097e-01   3.4990138e-01   9.6603257e-02   6.4218127e-01   4.2944033e-01   2.7428336e-01   4.2641550e-01   2.7146153e-01   3.7221921e-01   4.1714148e-01   4.2532229e-01   4.2921903e-01   2.9751120e-01   9.6603257e-02
   6.9457559e-01   6.3666562e-01   3.0839556e-01   3.3963500e-01   4.3679518e-01   4.7483015e-01   9.6603257e-02   6.0896938e-01   3.9195462e-01   9.6603257e-02   3.0839556e-01   3.0839556e-01   5.8578667e-01   3.9040731e-01   5.8285852e-01   7.2971060e-01   3.7438974e-01   9.6603257e-02
   7.1201439e-01   6.3858574e-01   2.5709794e-01   2.4375385e-01   3.2765057e-01   3.9869993e-01   2.7316570e-01   4.7336577e-01   3.8127411e-01   9.6603257e-02   2.6356114e-01   3.2798494e-01   3.3698460e-01   3.2350427e-01   6.0553337e-01   5.3386805e-01   3.4737573e-01   9.6603257e-02
   7.2304613e-01   7.0897564e-01   3.1925333e-01   3.5373019e-01   5.1216533e-01   3.5469318e-01   9.6603257e-02   5.4296149e-01   4.2706213e-01   9.6603257e-02   3.8810606e-01   9.6603257e-02   2.7409377e-01   3.8943853e-01   4.8667714e-01   5.7383304e-01   3.5469318e-01   9.6603257e-02
   5.1329884e-01   4.5904021e-01   3.9652469e-01   4.0679662e-01   4.2921903e-01   3.7893330e-01   9.6603257e-02   4.5254710e-01   4.5196016e-01   9.6603257e-02   5.7110141e-01   3.8711772e-01   3.5702776e-01   3.9773236e-01   4.3120253e-01   5.8239493e-01   2.7955634e-01   9.6603257e-02
   7.3571917e-01   5.0899883e-01   3.1741298e-01   3.1741298e-01   4.0424548e-01   4.5068984e-01   9.6603257e-02   5.3706119e-01   9.6603257e-02   3.5308961e-01   4.0424548e-01   9.6603257e-02   5.2448233e-01   3.5308961e-01   4.9199405e-01   7.1158030e-01   9.6603257e-02   9.6603257e-02
   6.7605630e-01   5.5581188e-01   4.0750105e-01   3.6617602e-01   5.9193612e-01   5.6175426e-01   9.6603257e-02   6.3512555e-01   4.0271190e-01   9.6603257e-02   3.3325429e-01   2.7892164e-01   4.9423843e-01   4.0550745e-01   5.2115443e-01   6.1558596e-01   4.0750105e-01   9.6603257e-02
   6.8227602e-01   5.5712727e-01   4.3466051e-01   3.5455019e-01   5.0636780e-01   5.8770455e-01   9.6603257e-02   6.3338093e-01   4.9516996e-01   9.6603257e-02   3.5856258e-01   9.6603257e-02   4.6522401e-01   3.7830273e-01   5.7731933e-01   6.0136418e-01   9.6603257e-02   9.6603257e-02
   7.3391295e-01   6.7503570e-01   3.2864988e-01   3.0484964e-01   4.0913918e-01   4.3809523e-01   9.6603257e-02   6.1871009e-01   3.9677260e-01   3.1752355e-01   3.0505371e-01   2.9610130e-01   3.8079595e-01   4.0119362e-01   4.5723443e-01   4.9528857e-01   4.2675777e-01   3.0484964e-01
   7.4096748e-01   6.3152696e-01   3.1294847e-01   3.0896921e-01   5.5868157e-01   4.5963956e-01   9.6603257e-02   5.8034427e-01   4.1656525e-01   9.6603257e-02   5.0089734e-01   3.3023257e-01   3.8791101e-01   4.4207752e-01   5.3105046e-01   5.9071262e-01   4.1592713e-01   3.1294847e-01
   6.6620080e-01   5.9238050e-01   3.8013703e-01   3.8806743e-01   5.0669826e-01   4.0240311e-01   9.6603257e-02   6.1784147e-01   3.7147164e-01   2.7512539e-01   3.1256100e-01   2.9825657e-01   3.5975406e-01   4.6401221e-01   5.5076601e-01   4.6854034e-01   3.9629846e-01   3.2798573e-01
   5.5655732e-01   3.3210816e-01   3.0449074e-01   3.4914840e-01   5.8285852e-01   3.3965258e-01   2.7671935e-01   4.6286477e-01   4.4052988e-01   2.7671935e-01   7.8552944e-01   3.1836694e-01   5.2144264e-01   4.9179375e-01   5.9819513e-01   6.7165594e-01   3.0077129e-01   9.6603257e-02
   6.2584518e-01   5.5062394e-01   3.0606629e-01   3.2941984e-01   4.7093246e-01   4.2695496e-01   9.6603257e-02   5.1164330e-01   3.6599791e-01   5.0801102e-01   2.6152694e-01   9.6603257e-02   3.6599791e-01   3.7724888e-01   7.5363718e-01   5.5281341e-01   9.6603257e-02   9.6603257e-02
   7.0280631e-01   5.7174896e-01   4.4894115e-01   3.6788356e-01   5.1266389e-01   4.1540173e-01   9.6603257e-02   7.4031162e-01   3.3624448e-01   4.4894115e-01   4.7620094e-01   9.6603257e-02   4.2301238e-01   4.1540173e-01   7.0221412e-01   5.4178310e-01   9.6603257e-02   9.6603257e-02
   7.3690007e-01   6.2799790e-01   3.5643519e-01   9.6603257e-02   3.4990138e-01   5.9917194e-01   9.6603257e-02   5.9201607e-01   5.0731110e-01   9.6603257e-02   3.4990138e-01   9.6603257e-02   3.9450797e-01   3.6434418e-01   6.4594433e-01   6.0549203e-01   9.6603257e-02   9.6603257e-02
   6.4643757e-01   5.4252748e-01   3.4345049e-01   3.6788356e-01   4.8096052e-01   5.5997309e-01   9.6603257e-02   6.2629303e-01   4.6278837e-01   3.2399411e-01   4.0864406e-01   9.6603257e-02   4.3036324e-01   3.8269249e-01   5.3541166e-01   6.2910156e-01   3.4345049e-01   2.8646778e-01
   5.5056997e-01   5.1870969e-01   4.1885543e-01   3.5566061e-01   4.9175042e-01   3.8601008e-01   2.6711070e-01   3.9069386e-01   4.4566232e-01   2.6991258e-01   3.8297495e-01   3.1094726e-01   3.4338351e-01   3.3383526e-01   5.2842686e-01   4.7492442e-01   2.6401434e-01   2.7189408e-01
   7.5411148e-01   6.4131031e-01   4.7818079e-01   3.7600288e-01   4.1298938e-01   5.6079668e-01   9.6603257e-02   6.5009862e-01   4.5543120e-01   9.6603257e-02   3.9808288e-01   9.6603257e-02   5.3728454e-01   3.6267244e-01   7.4110574e-01   6.7719517e-01   3.4711146e-01   9.6603257e-02
   7.2921910e-01   6.1941314e-01   3.3702008e-01   3.4917598e-01   5.8140868e-01   4.2469889e-01   3.0199436e-01   5.7198494e-01   4.2900889e-01   3.0492703e-01   3.4659248e-01   2.9333170e-01   3.4536535e-01   4.1708701e-01   5.3899108e-01   5.6813152e-01   3.5494431e-01   2.6840315e-01
   7.2818931e-01   5.7696572e-01   3.5264400e-01   3.6284509e-01   4.6759640e-01   4.6598130e-01   9.6603257e-02   5.9115355e-01   3.9216195e-01   3.0732859e-01   3.8191912e-01   2.9528150e-01   4.3650900e-01   4.0886740e-01   6.6820167e-01   6.0474806e-01   4.0942698e-01   9.6603257e-02
   6.6840949e-01   6.6840949e-01   3.1925333e-01   3.1925333e-01   5.0914633e-01   5.9201607e-01   9.6603257e-02   5.9364288e-01   3.1925333e-01   9.6603257e-02   5.3438840e-01   3.1925333e-01   9.6603257e-02   3.4990138e-01   5.3632958e-01   6.5662738e-01   9.6603257e-02   5.0442141e-01
   5.6528676e-01   5.5825234e-01   3.1673499e-01   3.4469484e-01   3.2406613e-01   3.2681535e-01   9.6603257e-02   3.0829808e-01   3.2789681e-01   9.6603257e-02   2.9412239e-01   2.9333383e-01   3.0508319e-01   3.0392048e-01   6.9748236e-01   3.9855024e-01   2.7415235e-01   2.5215459e-01
   7.4059361e-01   7.0008397e-01   2.5215459e-01   2.9831371e-01   3.8369944e-01   4.0126772e-01   9.6603257e-02   4.9129476e-01   1.4668550e-01   2.5215459e-01   3.5965115e-01   9.6603257e-02   2.9831371e-01   9.6603257e-02   7.6269217e-01   6.3138089e-01   9.6603257e-02   9.6603257e-02
   7.5248461e-01   5.9795744e-01   3.2201219e-01   2.5927543e-01   5.6733091e-01   5.7576184e-01   9.6603257e-02   5.4489973e-01   3.5337180e-01   2.7542937e-01   4.9534486e-01   3.0028557e-01   4.1592702e-01   3.5427997e-01   6.4848751e-01   6.8460988e-01   3.2846310e-01   4.2672456e-01
   7.5380413e-01   6.8651672e-01   5.0194726e-01   5.0194726e-01   6.8651672e-01   5.4091201e-01   9.6603257e-02   6.7195209e-01   5.1369097e-01   9.6603257e-02   3.6039289e-01   9.6603257e-02   9.6603257e-02   4.0126772e-01   7.4138931e-01   5.6320482e-01   5.4091201e-01   9.6603257e-02
   6.6682037e-01   4.4898013e-01   2.8764324e-01   2.6801510e-01   3.5324425e-01   4.8311651e-01   9.6603257e-02   4.5193316e-01   3.3586077e-01   9.6603257e-02   3.6594217e-01   2.5215459e-01   3.7556288e-01   2.8292567e-01   4.4898013e-01   7.0730309e-01   2.8931998e-01   2.9253048e-01
   6.4177809e-01   6.3830626e-01   2.5215459e-01   2.5215459e-01   4.0138654e-01   4.6621565e-01   9.6603257e-02   3.6705746e-01   3.5307727e-01   9.6603257e-02   9.6603257e-02   1.8259026e-01   4.6459389e-01   2.6024891e-01   5.9486389e-01   6.3036750e-01   9.6603257e-02   9.6603257e-02
   7.0333774e-01   6.1687334e-01   3.1836996e-01   3.7208840e-01   5.2036560e-01   4.2033766e-01   9.6603257e-02   5.4091201e-01   3.9681761e-01   9.6603257e-02   3.3202317e-01   3.1836996e-01   5.1456244e-01   4.6153500e-01   4.9592341e-01   6.8163004e-01   2.9831371e-01   9.6603257e-02
   7.0940963e-01   6.0650771e-01   3.4711146e-01   3.2282940e-01   4.2843726e-01   3.1036849e-01   9.6603257e-02   4.9619269e-01   3.5167345e-01   9.6603257e-02   4.4423443e-01   9.6603257e-02   3.0329606e-01   3.0329606e-01   8.1892340e-01   5.4132140e-01   9.6603257e-02   9.6603257e-02
   6.4729513e-01   5.9144477e-01   4.8957938e-01   4.2013663e-01   5.6970154e-01   4.0330342e-01   9.6603257e-02   5.3607448e-01   4.3571017e-01   9.6603257e-02   5.1219899e-01   9.6603257e-02   5.0268088e-01   3.0850361e-01   5.1338798e-01   5.0487186e-01   3.8364476e-01   9.6603257e-02
   5.8816873e-01   3.8013156e-01   2.8109827e-01   2.8109827e-01   3.9450797e-01   3.5516121e-01   9.6603257e-02   4.5331728e-01   4.3486345e-01   5.2037568e-01   7.3143030e-01   9.6603257e-02   4.5159741e-01   3.3115811e-01   4.9413254e-01   6.8528335e-01   2.8473581e-01   9.6603257e-02
   6.1252556e-01   5.5742082e-01   3.3508329e-01   3.1519266e-01   3.7408835e-01   4.6272207e-01   2.8227015e-01   6.9146980e-01   4.1870728e-01   3.1391899e-01   3.1371747e-01   9.6603257e-02   4.1453650e-01   3.2329073e-01   6.5354315e-01   7.0966523e-01   4.1895108e-01   9.6603257e-02
   6.7677003e-01   5.8428838e-01   4.9762774e-01   3.5323005e-01   5.7505010e-01   4.5829292e-01   9.6603257e-02   5.6843704e-01   3.7148021e-01   9.6603257e-02   4.7620094e-01   9.6603257e-02   4.0338838e-01   3.4613218e-01   6.0075372e-01   6.1619163e-01   5.3504045e-01   3.0690467e-01
   7.3908895e-01   6.0646708e-01   4.9782223e-01   3.0297779e-01   4.2613500e-01   4.0190891e-01   4.9782223e-01   5.7780345e-01   3.3251875e-01   9.6603257e-02   4.9782524e-01   3.2074490e-01   3.2590951e-01   3.1376754e-01   7.4649146e-01   5.2628370e-01   5.1667251e-01   2.8384433e-01
   6.5766485e-01   5.0909715e-01   3.4930988e-01   2.6897423e-01   2.6767208e-01   4.5021482e-01   9.6603257e-02   4.1934865e-01   3.4930988e-01   9.6603257e-02   2.4907191e-01   3.1569916e-01   2.5875491e-01   3.0842122e-01   4.2921903e-01   6.3504486e-01   2.7392745e-01   9.6603257e-02
   6.7851981e-01   7.2687267e-01   5.6589282e-01   5.6589282e-01   6.2339424e-01   4.8373893e-01   9.6603257e-02   7.4203065e-01   3.8276461e-01   9.6603257e-02   3.4324203e-01   9.6603257e-02   4.1356394e-01   3.8276461e-01   5.9865383e-01   5.1563160e-01   3.5020545e-01   9.6603257e-02
   6.3336168e-01   4.9176598e-01   3.1699700e-01   3.1305112e-01   4.4557422e-01   4.2587836e-01   9.6603257e-02   4.3439623e-01   3.5414975e-01   2.6857837e-01   3.4514305e-01   2.7950243e-01   3.6668589e-01   3.5914984e-01   4.3777052e-01   5.9078188e-01   3.0948908e-01   2.8243719e-01
   8.0191426e-01   7.0359321e-01   5.0919598e-01   5.0919598e-01   4.7029105e-01   6.1816781e-01   9.6603257e-02   6.6198193e-01   4.6146282e-01   9.6603257e-02   9.6603257e-02   9.6603257e-02   5.6650016e-01   4.7237386e-01   6.9602169e-01   6.7865679e-01   5.7813168e-01   9.6603257e-02
   7.3867443e-01   6.7630659e-01   9.6603257e-02   3.4524554e-01   5.3930860e-01   9.6603257e-02   9.6603257e-02   3.7716824e-01   4.5807708e-01   9.6603257e-02   2.7603505e-01   2.0164848e-01   3.4889100e-01   5.0650268e-01   6.6926507e-01   6.5009862e-01   9.6603257e-02   5.2768888e-01
   7.4881139e-01   6.5997148e-01   4.2216003e-01   3.7830273e-01   4.4632134e-01   5.0791188e-01   9.6603257e-02   6.2664925e-01   4.3401695e-01   9.6603257e-02   3.9270293e-01   3.4767909e-01   4.2216003e-01   4.8276048e-01   5.8945558e-01   6.0106971e-01   4.9208812e-01   9.6603257e-02
   6.1314815e-01   6.5240177e-01   9.6603257e-02   9.6603257e-02   5.6077512e-01   4.2482684e-01   9.6603257e-02   6.7347237e-01   5.1845358e-01   9.6603257e-02   5.1845358e-01   9.6603257e-02   3.5543818e-01   4.5084549e-01   5.1086269e-01   7.3854349e-01   9.6603257e-02   9.6603257e-02
   7.6458563e-01   7.3996485e-01   5.2920490e-01   5.2920490e-01   3.7511679e-01   9.6603257e-02   9.6603257e-02   5.5803779e-01   5.2920490e-01   9.6603257e-02   4.0946201e-01   9.6603257e-02   9.6603257e-02   4.8373893e-01   7.2751967e-01   5.5803779e-01   4.9663605e-01   9.6603257e-02
   6.3740078e-01   4.9467754e-01   3.2555538e-01   3.0932170e-01   5.4704293e-01   6.5973375e-01   9.6603257e-02   6.7946639e-01   4.1016851e-01   9.6603257e-02   4.7214800e-01   9.6603257e-02   4.0126772e-01   5.1694943e-01   5.4893837e-01   5.7078097e-01   2.7443635e-01   9.6603257e-02
   7.1134810e-01   5.3005741e-01   3.3745542e-01   3.2289094e-01   4.7969181e-01   4.9749882e-01   9.6603257e-02   6.0658708e-01   3.5125390e-01   3.0206702e-01   2.9642533e-01   2.7393944e-01   3.8212731e-01   3.8535852e-01   6.2556470e-01   7.0213483e-01   2.8609690e-01   9.6603257e-02
   5.9724815e-01   7.2039949e-01   3.1010581e-01   3.9970145e-01   5.3536902e-01   4.1955846e-01   9.6603257e-02   5.6889689e-01   6.3077754e-01   9.6603257e-02   3.5308961e-01   9.6603257e-02   2.5215459e-01   4.3837481e-01   4.2850350e-01   3.5965115e-01   4.6330327e-01   9.6603257e-02
   5.9867911e-01   5.1652124e-01   3.0378194e-01   3.0667832e-01   4.4585975e-01   4.3641891e-01   3.0336403e-01   6.5617885e-01   3.6238911e-01   9.6603257e-02   4.6602336e-01   9.6603257e-02   4.2834976e-01   3.8998325e-01   6.1058815e-01   6.7044300e-01   3.6752662e-01   3.0878517e-01
   5.8078105e-01   5.5854339e-01   4.0561979e-01   3.7341264e-01   5.5258987e-01   4.0336548e-01   2.9411270e-01   5.0842765e-01   4.0268743e-01   2.7073827e-01   3.4522300e-01   3.1257095e-01   3.5637929e-01   3.6015503e-01   5.3893158e-01   4.4950159e-01   3.4064426e-01   2.9719369e-01
   7.1634356e-01   5.7607062e-01   5.0370306e-01   3.0379179e-01   5.1316373e-01   5.1529933e-01   9.6603257e-02   5.2035293e-01   3.5525761e-01   9.6603257e-02   5.0370306e-01   3.0379179e-01   4.2646326e-01   2.8544339e-01   5.5441540e-01   5.8097083e-01   3.3624448e-01   4.2301238e-01
   5.8300814e-01   5.9695375e-01   3.7935928e-01   3.9759346e-01   4.6205899e-01   3.4883530e-01   9.6603257e-02   6.5441717e-01   4.1347712e-01   9.6603257e-02   3.8964046e-01   3.1411869e-01   3.3043979e-01   3.9748828e-01   5.3815473e-01   4.6705262e-01   3.8399560e-01   2.8083917e-01
   7.3850188e-01   5.7554210e-01   3.1943554e-01   3.2094305e-01   4.7720361e-01   4.5116817e-01   4.4742795e-01   6.3097014e-01   4.0890174e-01   9.6603257e-02   3.4938852e-01   2.8688635e-01   3.9231221e-01   4.2576020e-01   5.6724750e-01   6.1635665e-01   3.5613449e-01   3.1267427e-01
   6.0896938e-01   2.6507051e-01   9.6603257e-02   1.7601453e-01   5.6821025e-01   4.8796817e-01   9.6603257e-02   5.8030246e-01   4.9638472e-01   9.6603257e-02   7.3923310e-01   9.6603257e-02   9.6603257e-02   4.0126772e-01   6.9313380e-01   5.7750777e-01   9.6603257e-02   9.6603257e-02
   6.8353921e-01   5.6670483e-01   3.2979390e-01   3.2760893e-01   4.3487900e-01   4.4212467e-01   9.6603257e-02   7.3854349e-01   3.3700023e-01   2.7089598e-01   3.4209738e-01   3.0562314e-01   3.3296887e-01   3.7914836e-01   6.2684684e-01   5.3342104e-01   4.3375083e-01   2.7247176e-01
   7.3295212e-01   6.2888515e-01   4.2884546e-01   4.3233718e-01   5.8959036e-01   5.0276717e-01   9.6603257e-02   5.8285852e-01   3.5790740e-01   3.4172040e-01   2.9919347e-01   3.4172040e-01   3.4172040e-01   4.9986150e-01   4.8556426e-01   6.4144660e-01   4.2698806e-01   9.6603257e-02
   7.3816693e-01   6.0298872e-01   2.5808863e-01   2.5740693e-01   7.2880956e-01   5.1393336e-01   9.6603257e-02   3.6169374e-01   4.0343661e-01   9.6603257e-02   3.5547560e-01   1.7728630e-01   9.6603257e-02   4.0643375e-01   4.9857124e-01   5.6085637e-01   3.1102104e-01   5.3031505e-01
   6.1294352e-01   6.6055135e-01   3.6026244e-01   3.6026244e-01   5.4635206e-01   3.8456600e-01   4.4394326e-01   5.1009470e-01   4.6812800e-01   9.6603257e-02   3.2864980e-01   2.9287231e-01   3.6026244e-01   3.7524311e-01   5.0807796e-01   4.3655901e-01   3.4739362e-01   2.9287231e-01
   6.2822850e-01   5.2245598e-01   3.0150313e-01   2.8791799e-01   5.1789492e-01   4.3061686e-01   9.6603257e-02   5.4544356e-01   3.1558143e-01   2.8716483e-01   3.8586700e-01   2.8270772e-01   3.5443458e-01   3.5055195e-01   5.2755998e-01   4.9009123e-01   3.2485887e-01   2.9217868e-01
   7.1882845e-01   5.6970523e-01   3.1390947e-01   9.6603257e-02   9.6603257e-02   3.9864342e-01   9.6603257e-02   5.7916387e-01   3.2123477e-01   3.6434418e-01   3.9450797e-01   9.6603257e-02   3.9864342e-01   9.6603257e-02   7.2435960e-01   7.4350922e-01   9.6603257e-02   9.6603257e-02
   6.2159687e-01   5.4756639e-01   2.6313452e-01   2.5055220e-01   3.5787296e-01   4.5455644e-01   9.6603257e-02   5.3145966e-01   3.4887322e-01   3.5308961e-01   9.6603257e-02   9.6603257e-02   2.7680920e-01   2.7680920e-01   5.2623198e-01   3.0761164e-01   5.3253557e-01   9.6603257e-02
   6.4932934e-01   5.6663811e-01   3.1334163e-01   3.3998219e-01   4.9951644e-01   4.0786622e-01   9.6603257e-02   4.4559287e-01   3.7702384e-01   3.5868500e-01   3.4739495e-01   2.9934548e-01   3.4500914e-01   3.6944592e-01   4.5439471e-01   5.2227608e-01   3.2205750e-01   2.8312163e-01
   6.3776847e-01   5.9779069e-01   2.9123398e-01   3.9743248e-01   6.1127725e-01   4.2131480e-01   9.6603257e-02   6.0825096e-01   5.6537733e-01   9.6603257e-02   5.9380581e-01   2.9123398e-01   4.9208812e-01   5.2604931e-01   7.4251268e-01   5.8770455e-01   9.6603257e-02   9.6603257e-02
   7.2236428e-01   7.2988770e-01   3.0411556e-01   3.5748441e-01   3.1027701e-01   3.6918694e-01   9.6603257e-02   4.3679518e-01   3.9606255e-01   9.6603257e-02   2.6603500e-01   3.0788471e-01   3.1285038e-01   2.6972009e-01   7.1828968e-01   6.2240231e-01   1.2832114e-01   2.8172128e-01
   7.6590907e-01   4.8106087e-01   2.7443537e-01   2.8780037e-01   4.1138329e-01   4.5037834e-01   9.6603257e-02   3.7757099e-01   3.4753232e-01   9.6603257e-02   5.0067375e-01   9.6603257e-02   3.0382452e-01   3.5032641e-01   4.6205899e-01   6.5210379e-01   3.0266473e-01   3.1887447e-01
   5.7441924e-01   4.2784678e-01   2.8774151e-01   2.7091197e-01   4.3323005e-01   3.9674917e-01   9.6603257e-02   4.8625797e-01   3.4118169e-01   3.5482001e-01   6.1746211e-01   2.6933762e-01   3.8646736e-01   3.1167226e-01   5.6887756e-01   6.8342816e-01   2.9433725e-01   2.8821587e-01
   7.3604719e-01   4.7674623e-01   3.0682656e-01   3.0682656e-01   6.2352213e-01   6.6713876e-01   9.6603257e-02   6.6115662e-01   3.5235081e-01   9.6603257e-02   5.2920490e-01   4.4147340e-01   5.4010162e-01   3.4707340e-01   5.2902996e-01   5.2079163e-01   3.0682656e-01   9.6603257e-02
   7.2424335e-01   6.6158320e-01   3.1504076e-01   3.3590830e-01   4.2126613e-01   4.7205813e-01   9.6603257e-02   6.1670394e-01   3.9301813e-01   9.6603257e-02   3.2954595e-01   3.0570554e-01   3.4528231e-01   3.8076842e-01   5.2140697e-01   6.1776606e-01   4.0390004e-01   2.8307197e-01
   5.8713249e-01   6.4087209e-01   3.6438287e-01   4.2398786e-01   4.8884084e-01   3.4791234e-01   9.6603257e-02   4.6467026e-01   4.2921903e-01   3.2646517e-01   2.7697225e-01   3.5257278e-01   3.2087311e-01   4.4270291e-01   5.9557791e-01   3.8570226e-01   3.1850795e-01   9.6603257e-02
   7.2019421e-01   6.4905854e-01   3.4070044e-01   3.7716824e-01   3.9524585e-01   5.3724622e-01   9.6603257e-02   5.1176529e-01   3.4070044e-01   9.6603257e-02   3.4889100e-01   3.4070044e-01   3.4889100e-01   3.4508000e-01   5.0650268e-01   7.3106913e-01   9.6603257e-02   3.1251205e-01
   5.3994714e-01   5.8697703e-01   9.6603257e-02   3.2885169e-01   3.8369944e-01   3.6888718e-01   9.6603257e-02   6.1950751e-01   4.6893721e-01   3.5160860e-01   3.4930988e-01   3.2456515e-01   5.2744528e-01   3.7575552e-01   7.3053449e-01   5.5239542e-01   2.5215459e-01   9.6603257e-02
   6.0243275e-01   5.9579135e-01   3.1569916e-01   3.4914840e-01   4.6476644e-01   4.4907430e-01   9.6603257e-02   5.7533193e-01   3.4914840e-01   9.6603257e-02   5.3082395e-01   3.1569916e-01   3.5160860e-01   5.1372036e-01   4.9909687e-01   5.5971556e-01   9.6603257e-02   9.6603257e-02
   6.2241188e-01   7.4054243e-01   2.5215459e-01   4.0798393e-01   5.4305552e-01   5.5041836e-01   9.6603257e-02   5.4187390e-01   6.0065376e-01   9.6603257e-02   3.3352712e-01   9.6603257e-02   4.4894115e-01   4.1540173e-01   6.0042273e-01   7.1745246e-01   9.6603257e-02   9.6603257e-02
   5.7664161e-01   3.3977675e-01   2.1526808e-01   2.2354785e-01   2.1365225e-01   1.9446020e-01   9.6603257e-02   2.5215459e-01   3.6431090e-01   9.6603257e-02   6.3128917e-01   1.6563646e-01   5.1526297e-01   2.2354785e-01   6.2499565e-01   4.4411378e-01   2.2354785e-01   9.6603257e-02
   7.0702230e-01   7.0007095e-01   4.7225901e-01   4.5685610e-01   5.2246052e-01   4.2400265e-01   1.7812499e-01   4.4472788e-01   4.3945391e-01   9.6603257e-02   3.1338661e-01   2.8822995e-01   3.1338661e-01   3.7728212e-01   5.0966503e-01   4.4196221e-01   3.0329606e-01   2.8402607e-01
   6.8506047e-01   6.2799790e-01   3.6039289e-01   3.6039289e-01   6.8163004e-01   9.6603257e-02   9.6603257e-02   5.8344781e-01   5.4893837e-01   9.6603257e-02   3.6039289e-01   9.6603257e-02   9.6603257e-02   5.0532246e-01   6.1170405e-01   6.3960711e-01   3.1836996e-01   9.6603257e-02
   6.6910653e-01   4.5040420e-01   3.2291357e-01   2.5215459e-01   4.3103464e-01   3.1592213e-01   9.6603257e-02   3.9934624e-01   2.9881139e-01   3.0959413e-01   3.5158762e-01   9.6603257e-02   3.1327328e-01   3.7061805e-01   5.6018570e-01   5.9872376e-01   3.0110721e-01   2.9009873e-01
   5.5946405e-01   5.2836217e-01   5.0515938e-01   5.0170421e-01   5.9420772e-01   5.0515938e-01   9.6603257e-02   5.6914937e-01   5.5246048e-01   9.6603257e-02   7.4534695e-01   1.3339969e-01   5.3663732e-01   3.5899051e-01   5.6974417e-01   6.1341632e-01   9.6603257e-02   9.6603257e-02
   6.3332968e-01   6.0711577e-01   4.8590872e-01   4.5560737e-01   4.2468359e-01   3.5350889e-01   9.6603257e-02   3.9524585e-01   3.4182063e-01   4.9775267e-01   4.2084674e-01   3.2145061e-01   3.1387121e-01   3.4990138e-01   6.9504948e-01   4.9106935e-01   3.0853833e-01   3.0853833e-01
   7.3932506e-01   5.5656556e-01   4.4147340e-01   4.4147340e-01   5.5742908e-01   6.7851981e-01   9.6603257e-02   6.2339424e-01   4.5971752e-01   9.6603257e-02   4.4147340e-01   9.6603257e-02   3.1405982e-01   9.6603257e-02   6.2352213e-01   6.4838311e-01   3.5020545e-01   9.6603257e-02
   7.2610701e-01   6.6850833e-01   3.4105655e-01   3.4809432e-01   5.4145593e-01   4.5947206e-01   9.6603257e-02   5.6311956e-01   4.2058503e-01   9.6603257e-02   2.8917012e-01   3.3468383e-01   3.3192023e-01   4.0694641e-01   4.2652720e-01   4.8330982e-01   4.0500837e-01   9.6603257e-02
   5.0000000e-01   5.6046283e-01   9.6603257e-02   9.6603257e-02   3.0258054e-01   2.5215459e-01   9.6603257e-02   3.9497519e-01   3.9874354e-01   9.6603257e-02   3.5273798e-01   9.6603257e-02   2.7796874e-01   2.5215459e-01   6.5370946e-01   3.6073094e-01   3.0258054e-01   9.6603257e-02
   6.8194435e-01   5.0317549e-01   3.0829144e-01   3.4551563e-01   4.1913525e-01   4.8398061e-01   9.6603257e-02   4.0424548e-01   4.0124764e-01   9.6603257e-02   4.3387554e-01   2.9336630e-01   3.5855129e-01   3.5047950e-01   4.9971176e-01   7.0477279e-01   3.1808823e-01   2.8561875e-01
   6.4909574e-01   6.5009862e-01   5.9313209e-01   5.9313209e-01   7.0694254e-01   5.6641984e-01   9.6603257e-02   5.8394450e-01   6.3138389e-01   9.6603257e-02   3.6100170e-01   9.6603257e-02   4.0417318e-01   3.5205956e-01   4.8014864e-01   6.5406055e-01   9.6603257e-02   3.5469318e-01
   5.0604943e-01   4.4603917e-01   3.1251205e-01   3.1251205e-01   3.0972134e-01   3.7716824e-01   9.6603257e-02   7.1481693e-01   3.1251205e-01   9.6603257e-02   9.6603257e-02   9.6603257e-02   4.0457036e-01   4.0457036e-01   2.5566017e-01   6.5886869e-01   9.6603257e-02   9.6603257e-02
   5.5949884e-01   5.2744673e-01   2.8105019e-01   3.4063336e-01   4.2195340e-01   4.2814128e-01   9.6603257e-02   6.4009266e-01   3.9524585e-01   9.6603257e-02   2.7305922e-01   3.1876166e-01   3.6333438e-01   3.9846045e-01   4.1987254e-01   4.5823788e-01   3.4394733e-01   9.6603257e-02
   6.1106515e-01   5.3742224e-01   4.4453312e-01   3.5754396e-01   7.2192261e-01   4.3989891e-01   9.6603257e-02   4.7389547e-01   4.3271095e-01   9.6603257e-02   3.2268873e-01   3.3454175e-01   3.3620135e-01   3.9548243e-01   5.0163338e-01   4.1714148e-01   3.2470329e-01   9.6603257e-02
   5.6972526e-01   4.5285956e-01   2.7359012e-01   3.3796243e-01   6.2642623e-01   5.3258792e-01   9.6603257e-02   6.0619938e-01   4.4906446e-01   9.6603257e-02   4.1494148e-01   3.0028557e-01   3.0028557e-01   3.8707389e-01   4.1588490e-01   6.2613465e-01   9.6603257e-02   9.6603257e-02
   5.8920420e-01   6.7759193e-01   6.0694002e-01   4.4482521e-01   5.1690051e-01   3.2926638e-01   9.6603257e-02   5.8096252e-01   6.2771084e-01   9.6603257e-02   3.2674479e-01   9.6603257e-02   3.2674479e-01   4.3327884e-01   5.1019131e-01   3.6874884e-01   9.6603257e-02   3.2926638e-01
   6.5406055e-01   6.1400208e-01   3.5469318e-01   3.5469318e-01   4.0424548e-01   3.8810606e-01   9.6603257e-02   5.8939212e-01   3.5205956e-01   9.6603257e-02   9.6603257e-02   9.6603257e-02   3.8810606e-01   4.8898079e-01   4.3485114e-01   7.1120584e-01   9.6603257e-02   9.6603257e-02
   5.7433551e-01   5.0814049e-01   3.0932550e-01   4.4665768e-01   6.5395724e-01   3.4423906e-01   9.6603257e-02   3.4237415e-01   3.0891746e-01   9.6603257e-02   2.5215459e-01   2.6405962e-01   9.6603257e-02   3.7408835e-01   4.5651270e-01   4.1240548e-01   5.0164745e-01   9.6603257e-02
   5.4831902e-01   5.7256335e-01   3.4778514e-01   4.3795563e-01   6.6221120e-01   9.6603257e-02   9.6603257e-02   4.7155422e-01   4.2357448e-01   9.6603257e-02   2.5215459e-01   3.4778514e-01   3.6150476e-01   4.5471807e-01   4.2357448e-01   4.1347294e-01   9.6603257e-02   9.6603257e-02
   4.7688107e-01   3.5171330e-01   2.9002415e-01   3.2123477e-01   7.5183056e-01   5.1574946e-01   9.6603257e-02   4.0091018e-01   3.4948078e-01   9.6603257e-02   3.1390947e-01   5.1211515e-01   5.1211515e-01   3.8718446e-01   3.7103114e-01   3.9450797e-01   9.6603257e-02   9.6603257e-02
   3.5609265e-01   4.8808471e-01   2.7418930e-01   4.3318953e-01   5.2707269e-01   4.8229858e-01   9.6603257e-02   6.8512472e-01   3.6434418e-01   9.6603257e-02   3.1390947e-01   2.7418930e-01   3.1390947e-01   6.6054371e-01   5.0731110e-01   4.8229858e-01   9.6603257e-02   9.6603257e-02
   5.1149186e-01   4.5399396e-01   4.3133943e-01   3.2237335e-01   4.8184939e-01   3.3392586e-01   9.6603257e-02   5.1405976e-01   3.0357759e-01   9.6603257e-02   3.0932170e-01   4.3336459e-01   3.7631037e-01   3.3473616e-01   4.6296284e-01   5.2069523e-01   3.3670584e-01   9.6603257e-02
   5.6821110e-01   5.0622663e-01   9.6603257e-02   2.6174445e-01   6.1460687e-01   4.9386326e-01   9.6603257e-02   6.1460687e-01   3.3899391e-01   9.6603257e-02   9.6603257e-02   9.6603257e-02   3.4921489e-01   4.0448073e-01   4.6782713e-01   4.7736571e-01   9.6603257e-02   9.6603257e-02
