   6.5974546e-01   4.7930923e-01   3.7830273e-01   4.0822822e-01   6.0047489e-01   3.9524585e-01   9.6603257e-02   5.2628009e-01   3.7375597e-01   9.6603257e-02   9.6603257e-02   3.7830273e-01   2.9853756e-01   4.0004598e-01   3.4990138e-01   6.4644915e-01   3.4767909e-01   3.4767909e-01
   6.1049423e-01   4.5245439e-01   2.7533188e-01   2.7418185e-01   5.6412188e-01   4.2123151e-01   9.6603257e-02   6.5466365e-01   3.6875717e-01   9.6603257e-02   5.0515938e-01   2.5215459e-01   4.8605144e-01   4.6193602e-01   4.2194401e-01   5.8337192e-01   5.6914937e-01   4.2910536e-01
   4.4218222e-01   5.1731241e-01   3.4336422e-01   3.5273798e-01   5.5428074e-01   4.7930923e-01   9.6603257e-02   5.9914391e-01   4.0424548e-01   9.6603257e-02   3.7375597e-01   9.6603257e-02   3.6805730e-01   3.4319680e-01   3.5273798e-01   5.1702791e-01   4.5654203e-01   3.0394878e-01
   7.0540762e-01   4.8541406e-01   3.1697968e-01   3.1697968e-01   4.4653524e-01   5.4244341e-01   9.6603257e-02   6.0556549e-01   3.4903791e-01   9.6603257e-02   3.0816861e-01   9.6603257e-02   3.9501428e-01   3.4774095e-01   4.1697318e-01   7.0167366e-01   3.1613913e-01   2.8732475e-01
   4.9740619e-01   3.8866909e-01   3.2240442e-01   3.4660373e-01   6.0038753e-01   4.8565876e-01   9.6603257e-02   6.0061742e-01   3.6192909e-01   9.6603257e-02   3.5547560e-01   3.2240442e-01   3.5562432e-01   4.6975093e-01   3.9934624e-01   5.9352461e-01   3.8680551e-01   3.0085719e-01
   5.2886065e-01   4.6846893e-01   2.9509068e-01   3.4598044e-01   5.7149387e-01   4.7406215e-01   9.6603257e-02   6.6350124e-01   2.7339727e-01   9.6603257e-02   3.1544981e-01   2.8255526e-01   3.1447257e-01   4.4473449e-01   3.7156560e-01   5.9358902e-01   3.4103750e-01   3.3563856e-01
   4.8305057e-01   5.1610603e-01   3.5040469e-01   4.5155085e-01   5.2050860e-01   2.7443635e-01   9.6603257e-02   6.8344190e-01   3.6039289e-01   9.6603257e-02   2.7849332e-01   3.5040469e-01   3.2555538e-01   4.1016851e-01   4.1016851e-01   5.7504867e-01   4.1016851e-01   3.6333438e-01
   5.0588198e-01   4.2128336e-01   3.2224371e-01   3.4831741e-01   5.1946237e-01   4.1775716e-01   9.6603257e-02   4.2691913e-01   3.8369944e-01   2.6560809e-01   3.7019974e-01   3.1675058e-01   3.1675058e-01   3.4990138e-01   4.0599130e-01   4.7278861e-01   3.0959556e-01   3.1206695e-01
   5.3145966e-01   4.4231302e-01   9.6603257e-02   3.0690956e-01   7.2828753e-01   4.2550573e-01   9.6603257e-02   7.2249642e-01   4.0695401e-01   9.6603257e-02   3.2632406e-01   3.8872281e-01   5.1327158e-01   5.4271096e-01   4.2850350e-01   5.5488396e-01   4.1282607e-01   3.7843794e-01
   6.3662652e-01   6.2152504e-01   2.9322021e-01   3.0162163e-01   3.4359899e-01   5.7878905e-01   9.6603257e-02   6.2232433e-01   2.9912439e-01   9.6603257e-02   9.6603257e-02   9.6603257e-02   3.5607430e-01   2.9322021e-01   4.9809304e-01   5.0428489e-01   3.4324203e-01   3.3299458e-01
   4.6647099e-01   5.5346231e-01   3.7647787e-01   4.0836624e-01   4.9204308e-01   3.4723696e-01   9.6603257e-02   7.0587756e-01   2.9118358e-01   9.6603257e-02   3.4324203e-01   9.6603257e-02   4.0836624e-01   4.4407742e-01   3.2661565e-01   5.3696013e-01   3.5235081e-01   3.4723696e-01
   5.1354486e-01   4.2296766e-01   3.9062463e-01   3.1717796e-01   6.2437908e-01   4.4388616e-01   2.8246935e-01   6.1102866e-01   3.3206043e-01   9.6603257e-02   4.0062533e-01   3.3109598e-01   3.5218485e-01   4.6962257e-01   3.6119953e-01   5.9338793e-01   4.0062533e-01   3.1911048e-01
   4.3084305e-01   3.1792392e-01   3.3796243e-01   2.9061531e-01   4.5564846e-01   5.6560748e-01   9.6603257e-02   7.0298147e-01   3.3796243e-01   9.6603257e-02   3.1345929e-01   2.5215459e-01   4.1198906e-01   3.9069386e-01   3.2274661e-01   5.9520195e-01   3.4338292e-01   9.6603257e-02
   5.9794732e-01   5.6250014e-01   2.6145651e-01   3.3734683e-01   7.4255919e-01   6.6756527e-01   3.1153524e-01   6.6103620e-01   3.5008958e-01   9.6603257e-02   9.6603257e-02   1.3951228e-01   2.8891236e-01   3.9548803e-01   5.0821433e-01   5.5462679e-01   5.0940562e-01   3.0573422e-01
   6.8840337e-01   5.6946152e-01   9.6603257e-02   3.1036849e-01   6.5128233e-01   4.4266359e-01   9.6603257e-02   5.5417276e-01   2.9099694e-01   9.6603257e-02   3.2096971e-01   5.0662174e-01   2.8822995e-01   4.3738484e-01   4.5614107e-01   5.9771363e-01   4.5581090e-01   3.2096971e-01
   6.7212129e-01   5.8156775e-01   2.8822995e-01   3.3588112e-01   4.1485409e-01   3.6954108e-01   9.6603257e-02   6.4441066e-01   3.9634349e-01   9.6603257e-02   3.2282940e-01   3.1036849e-01   2.9656357e-01   4.5656523e-01   3.9951526e-01   4.4762441e-01   4.7354950e-01   4.3456594e-01
   6.2999168e-01   4.1344658e-01   3.2926638e-01   3.5364940e-01   6.0464833e-01   4.6039369e-01   9.6603257e-02   6.5284400e-01   3.5583102e-01   9.6603257e-02   4.6456777e-01   3.2926638e-01   3.1180673e-01   4.6419173e-01   3.9918552e-01   6.4015386e-01   4.1647210e-01   3.2926638e-01
   6.1463044e-01   3.8198616e-01   3.0394878e-01   2.8867382e-01   3.1908572e-01   4.6630122e-01   2.8867382e-01   4.4573719e-01   3.1106074e-01   9.6603257e-02   3.6030737e-01   3.0394878e-01   2.5215459e-01   3.1155853e-01   3.6874884e-01   4.4485966e-01   2.8867382e-01   3.2143083e-01
   4.9342403e-01   5.1694293e-01   3.2369341e-01   3.2369341e-01   4.5902321e-01   4.6883319e-01   9.6603257e-02   4.1937651e-01   2.9372394e-01   2.9549329e-01   3.2369341e-01   3.3620809e-01   2.9549329e-01   4.0798393e-01   4.0091018e-01   5.0738080e-01   2.6020989e-01   3.3323612e-01
   4.4513672e-01   3.6359930e-01   3.3395869e-01   2.1127783e-01   3.2148019e-01   5.6147474e-01   9.6603257e-02   7.0907749e-01   4.0798393e-01   9.6603257e-02   3.3468383e-01   3.0278193e-01   4.5849774e-01   4.3583069e-01   2.6252212e-01   5.3567249e-01   3.3739217e-01   2.7344357e-01
   3.5716667e-01   4.3643915e-01   3.1251205e-01   9.6603257e-02   4.9632908e-01   3.4990138e-01   9.6603257e-02   5.7936632e-01   9.6603257e-02   9.6603257e-02   2.7341225e-01   5.2768888e-01   5.6335551e-01   3.4508000e-01   4.6264179e-01   5.5910894e-01   4.9429373e-01   3.4889100e-01
   4.9766426e-01   4.2921903e-01   2.9126404e-01   3.2577583e-01   6.0707392e-01   3.4990138e-01   9.6603257e-02   6.4591036e-01   3.1552695e-01   9.6603257e-02   3.2240188e-01   2.9126404e-01   3.2526127e-01   5.5316987e-01   3.1552695e-01   6.3565933e-01   3.4070044e-01   2.9126404e-01
   4.5947206e-01   5.8343475e-01   2.1964419e-01   2.1964419e-01   5.2069077e-01   6.0475415e-01   9.6603257e-02   6.1166643e-01   3.9874354e-01   9.6603257e-02   3.6802431e-01   2.1964419e-01   3.2462468e-01   2.5223415e-01   2.7796874e-01   3.8369944e-01   3.1604014e-01   5.3855835e-01
   4.8376882e-01   4.6854034e-01   3.4889100e-01   3.4889100e-01   3.4990138e-01   4.8376882e-01   9.6603257e-02   7.3867443e-01   3.4889100e-01   9.6603257e-02   3.4070044e-01   3.4889100e-01   3.1251205e-01   4.7035316e-01   3.7716824e-01   5.7498006e-01   5.4765238e-01   5.2768888e-01
   4.8630903e-01   5.6433615e-01   3.6194556e-01   4.0424548e-01   5.0194726e-01   3.4990138e-01   9.6603257e-02   5.6433615e-01   2.5215459e-01   9.6603257e-02   3.0839556e-01   3.6194556e-01   2.5215459e-01   4.0424548e-01   3.1366111e-01   5.1196137e-01   3.9195462e-01   3.4515128e-01
   6.2845190e-01   4.6264449e-01   3.2555538e-01   3.2555538e-01   4.9339106e-01   5.9815916e-01   9.6603257e-02   6.8182409e-01   9.6603257e-02   9.6603257e-02   5.4091201e-01   3.2555538e-01   9.6603257e-02   4.0126772e-01   2.7849332e-01   6.7382150e-01   4.0126772e-01   3.2555538e-01
   5.9995402e-01   4.8133908e-01   5.0695098e-01   3.2143083e-01   5.3129190e-01   4.9473078e-01   9.6603257e-02   6.6092892e-01   5.0695098e-01   9.6603257e-02   5.2461414e-01   9.6603257e-02   3.4767909e-01   4.3478033e-01   4.8878220e-01   7.3927619e-01   3.2143083e-01   4.3740357e-01
   5.4388572e-01   4.1201663e-01   2.8194638e-01   2.9807296e-01   4.9622380e-01   4.7577031e-01   9.6603257e-02   5.8888361e-01   3.4323931e-01   2.7548291e-01   3.6489441e-01   2.6733836e-01   3.5601342e-01   4.4179652e-01   4.2173601e-01   6.2371680e-01   3.1121043e-01   2.8196095e-01
   3.1024945e-01   2.6192656e-01   3.2926638e-01   3.3387747e-01   3.4990138e-01   3.9846045e-01   9.6603257e-02   7.3771020e-01   3.5364940e-01   9.6603257e-02   3.1180673e-01   2.7814460e-01   4.1205924e-01   4.1714799e-01   3.4990138e-01   5.3934002e-01   3.5235081e-01   4.4434160e-01
   4.6810541e-01   4.2277316e-01   3.4050458e-01   3.1393808e-01   5.2484654e-01   5.7987431e-01   9.6603257e-02   6.8508513e-01   3.0366115e-01   9.6603257e-02   3.4905436e-01   3.4050458e-01   4.3475861e-01   4.3927572e-01   4.2797701e-01   5.7601214e-01   9.6603257e-02   2.8738439e-01
   5.0049859e-01   3.0490131e-01   5.4844483e-01   5.4844483e-01   5.8285852e-01   6.4837912e-01   9.6603257e-02   7.3744380e-01   3.8943853e-01   9.6603257e-02   3.1925333e-01   9.6603257e-02   5.4844483e-01   3.2842281e-01   3.6100170e-01   7.1986077e-01   9.6603257e-02   5.0442141e-01
   4.8912752e-01   3.8640342e-01   3.0735464e-01   2.8389382e-01   4.8562032e-01   3.9630380e-01   2.7593770e-01   4.9969653e-01   3.7780305e-01   1.0690210e-01   3.7071097e-01   2.9549108e-01   3.5330888e-01   3.2588852e-01   4.5304383e-01   4.9735810e-01   3.1574131e-01   2.6665769e-01
   6.8255535e-01   6.1731128e-01   4.5243172e-01   4.5243172e-01   5.6202280e-01   6.7257407e-01   9.6603257e-02   7.4178060e-01   9.6603257e-02   9.6603257e-02   3.3813500e-01   9.6603257e-02   4.3112054e-01   3.6493483e-01   4.1494148e-01   5.4221539e-01   5.5469998e-01   3.3205351e-01
   5.4704293e-01   4.6153500e-01   3.2573996e-01   2.9831371e-01   4.3110110e-01   5.2785200e-01   9.6603257e-02   7.4022639e-01   3.2804791e-01   9.6603257e-02   4.2912017e-01   3.2555538e-01   3.6039289e-01   3.2804791e-01   4.0484464e-01   5.7138749e-01   3.4608770e-01   5.1522421e-01
   6.5393852e-01   3.9846045e-01   3.2009236e-01   3.2009236e-01   4.1078475e-01   5.7187136e-01   9.6603257e-02   7.0320076e-01   3.4940130e-01   2.9298737e-01   3.3945341e-01   9.6603257e-02   3.8524512e-01   3.4064965e-01   3.7079970e-01   5.4969569e-01   3.7952828e-01   3.4121641e-01
   6.0812759e-01   5.1043263e-01   3.5763358e-01   4.0268743e-01   4.8006122e-01   4.1714148e-01   9.6603257e-02   5.8133784e-01   3.5658743e-01   9.6603257e-02   3.0379179e-01   3.5763358e-01   3.3867706e-01   3.9874778e-01   4.3324828e-01   6.1968678e-01   3.4990138e-01   9.6603257e-02
   3.8479941e-01   3.3021157e-01   3.0596611e-01   3.0596611e-01   4.8614812e-01   4.7520762e-01   9.6603257e-02   7.3971636e-01   2.5215459e-01   9.6603257e-02   3.1524076e-01   5.2142544e-01   3.6231737e-01   3.3021157e-01   3.4990138e-01   6.7416136e-01   5.2142544e-01   9.6603257e-02
   6.5045255e-01   4.5988388e-01   3.1528896e-01   2.9164669e-01   2.7221482e-01   4.7052324e-01   9.6603257e-02   7.0040422e-01   3.6112537e-01   2.7655853e-01   3.3054937e-01   2.9681746e-01   4.2251941e-01   3.3204367e-01   4.7188618e-01   5.7262012e-01   3.6112537e-01   2.8669582e-01
   4.5068984e-01   5.5439330e-01   3.5965115e-01   3.4990138e-01   7.2039949e-01   5.9107294e-01   9.6603257e-02   6.5175567e-01   3.0761164e-01   9.6603257e-02   3.0608918e-01   2.5215459e-01   3.4887322e-01   4.5068984e-01   3.1741298e-01   4.6503353e-01   4.6330327e-01   5.7149650e-01
   7.3958121e-01   4.0454645e-01   2.7754492e-01   2.6016771e-01   3.0675413e-01   3.9524585e-01   9.6603257e-02   4.2228868e-01   3.2765057e-01   2.6951501e-01   3.4378799e-01   2.6951501e-01   3.3842404e-01   3.3591601e-01   3.0797865e-01   5.1478620e-01   3.0763226e-01   2.9471655e-01
   6.4160757e-01   5.3258792e-01   3.1892323e-01   3.1892323e-01   6.0132296e-01   4.9426690e-01   9.6603257e-02   6.3790496e-01   3.8089325e-01   9.6603257e-02   2.8729020e-01   9.6603257e-02   4.1924865e-01   3.8751154e-01   4.9098521e-01   5.4358003e-01   3.7775615e-01   3.4338292e-01
   5.5157085e-01   4.2127512e-01   4.4018782e-01   4.4018782e-01   4.4332268e-01   5.4489973e-01   9.6603257e-02   7.3854856e-01   2.8945676e-01   9.6603257e-02   3.3388776e-01   4.4018782e-01   4.3521352e-01   3.5414731e-01   4.1217643e-01   5.7750777e-01   4.5111306e-01   3.2271982e-01
   6.4900808e-01   6.7822339e-01   3.1741298e-01   3.5965115e-01   6.0029855e-01   5.3038308e-01   9.6603257e-02   5.1748077e-01   3.1741298e-01   9.6603257e-02   3.4990138e-01   3.1741298e-01   5.3253557e-01   3.8902962e-01   4.2143597e-01   6.5543382e-01   3.5308961e-01   3.1741298e-01
   5.9644939e-01   4.4202313e-01   2.9322021e-01   3.0956892e-01   4.6570642e-01   7.3578407e-01   9.6603257e-02   7.2766493e-01   3.2926638e-01   3.1130409e-01   2.9270077e-01   3.0844250e-01   4.5809155e-01   3.4921476e-01   4.0945376e-01   6.3156472e-01   3.6205819e-01   3.0561992e-01
   5.0166817e-01   4.3280413e-01   3.8123266e-01   3.1220045e-01   5.1562923e-01   5.2192634e-01   9.6603257e-02   7.3197062e-01   3.6960383e-01   3.0225521e-01   3.7415642e-01   9.6603257e-02   5.0461686e-01   3.9192264e-01   4.8197198e-01   5.7803084e-01   3.8486508e-01   3.0015205e-01
   6.3029578e-01   4.4007851e-01   3.5396672e-01   2.9073044e-01   3.8917718e-01   4.3569038e-01   9.6603257e-02   5.2350496e-01   3.5050481e-01   3.0452919e-01   2.9488966e-01   3.0073968e-01   3.6073012e-01   3.4467749e-01   3.6402493e-01   5.2956764e-01   3.2787712e-01   2.9905590e-01
   5.2091864e-01   4.1391575e-01   3.2715255e-01   3.1422715e-01   5.2937569e-01   4.5991132e-01   9.6603257e-02   5.4782990e-01   3.0382452e-01   9.6603257e-02   3.4656249e-01   3.2715255e-01   3.4536535e-01   3.6874884e-01   4.0934235e-01   6.3975610e-01   4.3533019e-01   2.7563909e-01
   6.1625715e-01   4.7245681e-01   3.8926741e-01   3.6395962e-01   5.8309493e-01   4.3183315e-01   2.7051001e-01   7.1332243e-01   3.2392624e-01   9.6603257e-02   3.3842628e-01   3.5860042e-01   3.5674533e-01   4.9210253e-01   4.1107806e-01   5.4929797e-01   3.9326132e-01   2.7792386e-01
   6.2552251e-01   5.8271948e-01   4.3614954e-01   3.1435472e-01   5.5351746e-01   5.5816838e-01   2.9009873e-01   5.9908982e-01   3.1435472e-01   9.6603257e-02   1.5775240e-01   9.6603257e-02   4.8549665e-01   3.4194810e-01   3.6874884e-01   5.6719515e-01   5.5484634e-01   9.6603257e-02
   3.9874354e-01   3.2331876e-01   3.6802431e-01   3.6802431e-01   6.5009862e-01   5.5514427e-01   9.6603257e-02   5.0210915e-01   3.9874354e-01   9.6603257e-02   3.6802431e-01   2.6372123e-01   9.6603257e-02   3.2661565e-01   9.6603257e-02   5.5514427e-01   3.2331876e-01   3.5832130e-01
   6.3867091e-01   4.7930923e-01   2.9425297e-01   2.9425297e-01   4.2509691e-01   6.2339424e-01   9.6603257e-02   7.4355252e-01   3.4453295e-01   9.6603257e-02   2.5215459e-01   9.6603257e-02   4.0286333e-01   4.2115039e-01   4.5608483e-01   6.3825155e-01   5.4741635e-01   3.1627818e-01
   4.5224265e-01   3.7057646e-01   3.4400542e-01   3.4645112e-01   4.6889202e-01   4.6892013e-01   9.6603257e-02   7.2071379e-01   3.3324097e-01   3.1820236e-01   3.9785925e-01   2.6719710e-01   4.7201356e-01   4.6844773e-01   3.8895941e-01   5.8872401e-01   3.5720875e-01   9.6603257e-02
   6.4854866e-01   3.4990138e-01   2.5215459e-01   2.5215459e-01   5.0800595e-01   6.6975855e-01   9.6603257e-02   5.0899883e-01   2.5215459e-01   9.6603257e-02   2.8193013e-01   2.5215459e-01   3.8312666e-01   1.6856382e-01   3.9961665e-01   6.9382788e-01   3.5145134e-01   1.6856382e-01
   6.1021643e-01   4.2963263e-01   4.1371100e-01   3.4142648e-01   4.5280829e-01   5.7666804e-01   2.9287231e-01   7.3787876e-01   3.7458662e-01   9.6603257e-02   3.2034774e-01   3.2393703e-01   4.5350148e-01   4.5280829e-01   4.3679518e-01   6.4927054e-01   4.1371100e-01   9.6603257e-02
   4.5760128e-01   4.0027415e-01   2.9184929e-01   3.2055762e-01   5.0762787e-01   4.0000514e-01   9.6603257e-02   5.9714019e-01   3.5779088e-01   9.6603257e-02   3.2462732e-01   2.9184929e-01   3.2148019e-01   4.3589767e-01   3.8866909e-01   4.8086143e-01   3.4898527e-01   3.0793152e-01
   6.5206677e-01   5.3736358e-01   3.0761523e-01   3.2791079e-01   6.0741775e-01   4.8499030e-01   9.6603257e-02   5.8040271e-01   3.5366613e-01   9.6603257e-02   2.9113490e-01   3.0761523e-01   3.2791079e-01   4.4830004e-01   4.3324828e-01   6.5889617e-01   4.4307919e-01   2.9113490e-01
   4.9632908e-01   4.3679518e-01   3.1251205e-01   3.4070044e-01   4.9632908e-01   5.1694293e-01   9.6603257e-02   6.9939784e-01   3.1251205e-01   9.6603257e-02   5.2768888e-01   3.1251205e-01   3.1251205e-01   4.1017644e-01   3.4070044e-01   7.0040422e-01   4.9429373e-01   3.1251205e-01
   6.6200733e-01   4.5432739e-01   4.6448108e-01   3.2744161e-01   4.6227084e-01   4.7587952e-01   9.6603257e-02   6.0934182e-01   3.5414570e-01   9.6603257e-02   4.4540370e-01   4.2455541e-01   3.8852413e-01   3.9751023e-01   4.6383561e-01   7.0676321e-01   3.6731071e-01   2.9656357e-01
   5.4748361e-01   4.0750105e-01   3.4079960e-01   3.5609265e-01   3.2661565e-01   4.9875684e-01   9.6603257e-02   7.2178279e-01   2.9535092e-01   9.6603257e-02   3.2862904e-01   3.4079960e-01   4.4808896e-01   4.3679518e-01   3.9450797e-01   6.2324924e-01   3.6434418e-01   3.5643519e-01
   4.6578372e-01   4.3643915e-01   4.5807708e-01   4.5807708e-01   5.9644577e-01   4.9269404e-01   9.6603257e-02   6.3487381e-01   3.8045370e-01   9.6603257e-02   3.8369944e-01   9.6603257e-02   9.6603257e-02   4.5807708e-01   3.3024145e-01   6.1412711e-01   4.5807708e-01   3.0533293e-01
   5.2191596e-01   4.6729582e-01   2.9599014e-01   2.9833229e-01   4.2993734e-01   4.4970364e-01   9.6603257e-02   6.4230833e-01   3.5920405e-01   2.6927980e-01   4.3349576e-01   2.9178800e-01   4.2498524e-01   3.6816848e-01   4.6072671e-01   7.0209275e-01   3.2280991e-01   2.6547552e-01
   5.6228263e-01   4.9068043e-01   3.4644406e-01   3.8422579e-01   6.2907259e-01   4.7736469e-01   2.8822995e-01   5.6144344e-01   3.8213973e-01   9.6603257e-02   4.5581090e-01   3.4644406e-01   4.3491441e-01   4.1237786e-01   4.6541893e-01   5.9380629e-01   4.5581090e-01   3.0329606e-01
   7.3131879e-01   5.5011505e-01   3.5609265e-01   2.7418930e-01   5.1431257e-01   5.6575631e-01   9.6603257e-02   6.0048951e-01   3.0745740e-01   9.6603257e-02   3.4990138e-01   1.8921939e-01   4.8780391e-01   2.6349400e-01   3.5643519e-01   7.3944541e-01   4.6742356e-01   9.6603257e-02
   6.2034401e-01   5.2319641e-01   9.6603257e-02   5.8172257e-01   5.6046283e-01   4.5068984e-01   2.5215459e-01   4.7320544e-01   9.6603257e-02   9.6603257e-02   9.6603257e-02   5.3855835e-01   9.6603257e-02   4.4231270e-01   3.2331876e-01   6.4544981e-01   3.5832130e-01   3.5832130e-01
   5.4544356e-01   3.6802431e-01   3.5832130e-01   3.6802431e-01   5.0194914e-01   5.7816303e-01   9.6603257e-02   7.3728133e-01   4.0413235e-01   9.6603257e-02   3.6802431e-01   9.6603257e-02   3.5832130e-01   4.4478204e-01   3.1604014e-01   4.9463880e-01   3.5856258e-01   9.6603257e-02
   4.8385743e-01   3.8855960e-01   2.7565081e-01   2.7565081e-01   6.0966289e-01   4.3703723e-01   2.7565081e-01   5.5471970e-01   3.2247326e-01   9.6603257e-02   3.2674224e-01   9.6603257e-02   3.9719817e-01   5.0705786e-01   3.8070421e-01   4.9886822e-01   3.3994185e-01   3.3659597e-01
   5.9702036e-01   4.2198867e-01   2.7670264e-01   3.1295395e-01   5.0587202e-01   3.8563834e-01   3.0091558e-01   4.7390825e-01   3.5520117e-01   9.6603257e-02   4.5831516e-01   2.8319916e-01   3.1868520e-01   3.6008316e-01   4.2688923e-01   5.4521856e-01   3.3218391e-01   3.0197160e-01
   6.2441548e-01   5.4636387e-01   3.6406895e-01   3.4444048e-01   4.0424548e-01   5.0844612e-01   9.6603257e-02   6.7179312e-01   3.3337379e-01   2.9187566e-01   3.3109598e-01   3.2688617e-01   4.2617759e-01   3.8866909e-01   5.2793856e-01   5.8592669e-01   3.9931449e-01   4.4280257e-01
   6.3937949e-01   5.2014636e-01   3.0292645e-01   2.6883858e-01   4.7738091e-01   4.5566573e-01   2.6643286e-01   5.4730864e-01   3.3052880e-01   3.0128253e-01   3.2540159e-01   2.9516937e-01   3.9511115e-01   3.9664607e-01   4.2085184e-01   5.7898890e-01   3.8505431e-01   3.1445514e-01
   5.2918422e-01   4.6419173e-01   2.9912439e-01   3.0987649e-01   3.0387700e-01   5.7256335e-01   9.6603257e-02   7.3003548e-01   4.0946201e-01   9.6603257e-02   2.9322021e-01   9.6603257e-02   4.1647210e-01   3.6388047e-01   3.6388047e-01   5.0322449e-01   4.4171150e-01   4.4434160e-01
   5.6926343e-01   4.5059389e-01   3.0278193e-01   3.3192023e-01   4.9276903e-01   5.2421038e-01   9.6603257e-02   5.3567249e-01   3.0278193e-01   9.6603257e-02   3.4954733e-01   3.0278193e-01   3.5543818e-01   3.5543818e-01   3.8369944e-01   6.4509304e-01   5.4779426e-01   3.4954733e-01
   5.5211114e-01   4.9160926e-01   3.2344396e-01   3.0682656e-01   5.9963155e-01   4.7460093e-01   9.6603257e-02   6.6693013e-01   3.3043487e-01   9.6603257e-02   3.2344396e-01   2.9060758e-01   3.1405982e-01   4.3020665e-01   3.9155258e-01   5.3185057e-01   4.3770843e-01   5.0839074e-01
   7.1352891e-01   6.1630056e-01   4.8009360e-01   4.8009360e-01   4.1421333e-01   3.2941906e-01   9.6603257e-02   6.8956890e-01   3.5040469e-01   9.6603257e-02   3.3963500e-01   2.6246277e-01   3.3980594e-01   3.7660576e-01   3.6874884e-01   5.7406304e-01   2.5215459e-01   3.4515128e-01
   7.2536833e-01   5.4892630e-01   2.9605089e-01   3.2226601e-01   4.3815139e-01   4.8750596e-01   9.6603257e-02   6.1345815e-01   2.6558539e-01   9.6603257e-02   4.6854421e-01   9.6603257e-02   5.0881207e-01   3.7694959e-01   5.1046484e-01   7.3075538e-01   5.5334980e-01   3.6612275e-01
   7.0832578e-01   6.3153050e-01   9.6603257e-02   3.9473790e-01   4.4496439e-01   4.6777680e-01   9.6603257e-02   6.9514174e-01   3.8866909e-01   3.1717796e-01   3.3109598e-01   2.9753898e-01   4.4971541e-01   3.4447025e-01   4.8305057e-01   5.2872737e-01   5.2350133e-01   3.5933292e-01
   3.6742895e-01   3.4990138e-01   3.6614368e-01   3.4990138e-01   3.8951891e-01   4.1135712e-01   9.6603257e-02   6.5621686e-01   3.5524464e-01   9.6603257e-02   3.3560775e-01   3.6614368e-01   3.5664934e-01   4.2128336e-01   3.4707340e-01   5.9431532e-01   3.0283967e-01   3.0540025e-01
   4.6242821e-01   4.4566232e-01   3.3454175e-01   3.4594287e-01   5.2137382e-01   4.7670059e-01   9.6603257e-02   6.5774202e-01   3.5824523e-01   9.6603257e-02   3.1337947e-01   3.3454175e-01   3.2160785e-01   4.3989891e-01   3.9033788e-01   5.9522264e-01   4.1686768e-01   3.3620135e-01
   4.2046012e-01   5.4748361e-01   4.3029477e-01   4.0424548e-01   4.9945770e-01   4.9092589e-01   9.6603257e-02   6.3736969e-01   3.9864342e-01   9.6603257e-02   5.0731110e-01   3.5546364e-01   9.6603257e-02   3.9396853e-01   3.9319036e-01   5.6970523e-01   3.5643519e-01   3.5643519e-01
   6.3138089e-01   5.0320218e-01   3.6039289e-01   4.0126772e-01   4.4873489e-01   6.1314815e-01   9.6603257e-02   6.3828751e-01   3.4608770e-01   9.6603257e-02   4.7214800e-01   2.9831371e-01   4.5909412e-01   4.0126772e-01   4.4566232e-01   6.5966901e-01   4.7214800e-01   3.1836996e-01
   5.7642552e-01   3.4990138e-01   2.7626124e-01   2.7626124e-01   3.4102380e-01   7.4240759e-01   9.6603257e-02   7.3330076e-01   3.4324203e-01   9.6603257e-02   3.8276461e-01   2.7626124e-01   4.8899340e-01   2.5896415e-01   3.7824805e-01   5.9908982e-01   1.6459805e-01   9.6603257e-02
   5.9793810e-01   5.3636612e-01   3.6778720e-01   3.6778720e-01   5.3794101e-01   4.8924315e-01   9.6603257e-02   6.2064593e-01   3.6402201e-01   9.6603257e-02   3.8137973e-01   9.6603257e-02   3.7093092e-01   3.7743763e-01   4.2731010e-01   5.7258868e-01   3.4615022e-01   2.7316570e-01
   5.4103523e-01   4.3430848e-01   3.1678471e-01   3.4990138e-01   5.2504387e-01   4.0160819e-01   9.6603257e-02   6.4541287e-01   3.5768951e-01   9.6603257e-02   3.2316382e-01   3.2631441e-01   3.2316382e-01   4.8252775e-01   3.8164446e-01   5.3893596e-01   3.6335787e-01   3.2631441e-01
   5.7853867e-01   4.1448552e-01   2.9474939e-01   2.9852243e-01   4.4203072e-01   4.3234616e-01   2.7133147e-01   5.0014610e-01   3.7381299e-01   2.7849444e-01   4.0358788e-01   2.9444785e-01   3.4978412e-01   3.7201545e-01   4.3708916e-01   5.3520312e-01   3.2917699e-01   2.9601571e-01
   5.3031642e-01   4.2733049e-01   3.2291357e-01   9.6603257e-02   5.2814362e-01   5.2991970e-01   9.6603257e-02   5.8285852e-01   3.6599791e-01   9.6603257e-02   3.6050145e-01   3.2291357e-01   4.3636771e-01   5.1965695e-01   3.7327293e-01   7.3383760e-01   2.9009873e-01   3.1327328e-01
   7.1233047e-01   4.1267642e-01   3.0533293e-01   3.0533293e-01   3.8045370e-01   6.1282051e-01   9.6603257e-02   7.5065911e-01   9.6603257e-02   9.6603257e-02   3.0533293e-01   3.0533293e-01   4.3873150e-01   3.8045370e-01   3.4889100e-01   7.1444038e-01   6.1748052e-01   9.6603257e-02
   4.9467754e-01   4.6153500e-01   3.2555538e-01   3.5965115e-01   4.3336459e-01   4.7214800e-01   9.6603257e-02   7.1314305e-01   3.4573175e-01   9.6603257e-02   5.1456244e-01   2.6583853e-01   9.6603257e-02   6.7139853e-01   3.8120538e-01   4.8533973e-01   3.4007897e-01   3.4608770e-01
   6.7535319e-01   5.3276869e-01   3.2140282e-01   3.1557303e-01   4.6854034e-01   5.0445744e-01   9.6603257e-02   6.8783336e-01   4.1892756e-01   9.6603257e-02   3.1826911e-01   2.6988844e-01   3.9923014e-01   3.9237345e-01   4.6082559e-01   5.8547620e-01   3.3862560e-01   2.8738750e-01
   6.5958702e-01   5.5310974e-01   3.3742372e-01   3.5852287e-01   4.9910776e-01   4.5749405e-01   9.6603257e-02   5.8624953e-01   3.4990138e-01   9.6603257e-02   9.6603257e-02   3.3742372e-01   5.1558130e-01   4.0380128e-01   4.2269533e-01   6.2100936e-01   4.4826622e-01   2.9341542e-01
   4.0798393e-01   3.9634349e-01   3.1036849e-01   3.1036849e-01   5.6211059e-01   4.0609298e-01   9.6603257e-02   6.9626430e-01   3.2798573e-01   9.6603257e-02   3.4711146e-01   3.1036849e-01   3.4711146e-01   4.7458312e-01   3.4990138e-01   6.1786028e-01   3.2572580e-01   9.6603257e-02
   5.4781164e-01   4.6972353e-01   3.0420151e-01   2.7200125e-01   5.8051226e-01   4.6017146e-01   9.6603257e-02   5.0739298e-01   3.6452376e-01   2.8154436e-01   4.2174594e-01   2.6615172e-01   3.6042710e-01   3.5693624e-01   4.4410080e-01   5.7365629e-01   3.0623493e-01   2.9400386e-01
   5.5870771e-01   5.0471143e-01   2.8109827e-01   3.0840913e-01   4.8712296e-01   4.2675777e-01   9.6603257e-02   6.9218844e-01   4.9507489e-01   9.6603257e-02   4.7537213e-01   9.6603257e-02   4.3029477e-01   4.3673858e-01   3.2053924e-01   5.1472510e-01   3.9396853e-01   3.8669723e-01
   5.0738449e-01   5.3540713e-01   2.9919347e-01   3.3249217e-01   5.0000000e-01   5.9420772e-01   9.6603257e-02   7.3137624e-01   4.7368185e-01   9.6603257e-02   3.7097271e-01   9.6603257e-02   3.9327257e-01   3.6231737e-01   3.9785925e-01   5.9971154e-01   3.0596611e-01   3.0940712e-01
   6.3883674e-01   4.8550403e-01   2.5215459e-01   3.0099699e-01   3.4990138e-01   5.8487621e-01   9.6603257e-02   6.4581990e-01   3.1390947e-01   9.6603257e-02   5.0731110e-01   9.6603257e-02   5.3917935e-01   3.2123477e-01   5.7271964e-01   6.8676628e-01   3.5643519e-01   4.6742356e-01
   5.8008149e-01   4.2393986e-01   3.1569916e-01   3.1569916e-01   7.0827388e-01   6.1630056e-01   5.3082395e-01   5.5803779e-01   9.6603257e-02   9.6603257e-02   5.3082395e-01   3.1569916e-01   3.4594287e-01   4.5333424e-01   3.7913840e-01   7.3539172e-01   3.5160860e-01   9.6603257e-02
   6.4502862e-01   4.6854034e-01   3.0730107e-01   3.2375122e-01   5.6970523e-01   4.9262717e-01   9.6603257e-02   5.6868515e-01   3.4001229e-01   9.6603257e-02   3.5643519e-01   3.0730107e-01   4.0977485e-01   4.4804433e-01   4.1259800e-01   6.2147333e-01   4.8930581e-01   3.4620644e-01
   4.7697249e-01   4.2289607e-01   3.7097271e-01   3.7097271e-01   5.0276717e-01   5.5534212e-01   9.6603257e-02   6.9898098e-01   3.3021157e-01   9.6603257e-02   3.4172040e-01   3.7097271e-01   4.7520762e-01   5.3333384e-01   3.4990138e-01   7.2751450e-01   3.7097271e-01   3.5650569e-01
   5.8435829e-01   4.6596252e-01   3.4462946e-01   3.3466148e-01   4.7269936e-01   5.5520664e-01   9.6603257e-02   6.2514648e-01   3.9485466e-01   9.6603257e-02   4.6236832e-01   4.2698582e-01   4.8093187e-01   4.4441022e-01   4.7971674e-01   7.0195999e-01   4.5530077e-01   9.6603257e-02
   5.1895222e-01   4.5698949e-01   3.4561111e-01   3.1075828e-01   7.2999437e-01   5.1150935e-01   9.6603257e-02   6.9385059e-01   3.6720293e-01   9.6603257e-02   3.6883273e-01   3.2468694e-01   3.5553605e-01   4.9126629e-01   5.0090683e-01   5.0188051e-01   3.3234191e-01   2.9526718e-01
   6.4482699e-01   3.6333438e-01   2.9042021e-01   2.9042021e-01   5.6745888e-01   6.6757922e-01   9.6603257e-02   6.7195209e-01   3.0268481e-01   3.1378081e-01   3.0162835e-01   2.9253243e-01   4.2877184e-01   3.4672260e-01   3.6069253e-01   6.8465424e-01   3.1836996e-01   9.6603257e-02
   6.6226102e-01   5.0534605e-01   3.5837553e-01   3.4139755e-01   6.5867507e-01   5.5762028e-01   9.6603257e-02   5.8137013e-01   3.8369944e-01   2.8780037e-01   3.5350889e-01   2.9091475e-01   3.6624191e-01   4.2207563e-01   3.6785902e-01   6.2433747e-01   3.2005048e-01   9.6603257e-02
   5.4262966e-01   4.8335017e-01   3.4953635e-01   3.5737673e-01   3.9131724e-01   4.2733049e-01   9.6603257e-02   7.2207367e-01   3.4606233e-01   9.6603257e-02   3.4953635e-01   3.4953635e-01   2.5215459e-01   4.9248019e-01   3.0800140e-01   5.0104625e-01   4.8350304e-01   3.8158807e-01
   5.9207169e-01   4.8032184e-01   3.2754148e-01   3.7612746e-01   5.5148736e-01   4.3310481e-01   9.6603257e-02   6.2444351e-01   3.8202661e-01   9.6603257e-02   3.3349786e-01   3.2754148e-01   3.1232209e-01   4.8435224e-01   4.3395926e-01   5.7534717e-01   3.6208137e-01   2.9357643e-01
   4.9192613e-01   4.1541696e-01   3.0688573e-01   3.0440547e-01   4.9035722e-01   5.1609282e-01   9.6603257e-02   7.3384162e-01   3.7566551e-01   3.2754692e-01   4.3729991e-01   2.8133861e-01   4.3451426e-01   3.8048417e-01   4.2891241e-01   6.1691718e-01   3.3055856e-01   3.5858990e-01
   5.3145690e-01   4.5927757e-01   2.8362257e-01   3.4118460e-01   4.7281513e-01   3.6959554e-01   2.7197769e-01   6.2527033e-01   3.8009795e-01   1.0690210e-01   3.6606839e-01   3.1309197e-01   3.2989546e-01   3.8553630e-01   4.2718553e-01   4.6720691e-01   4.5200041e-01   3.0811978e-01
   4.7649575e-01   4.7903056e-01   3.4269160e-01   4.1714148e-01   5.2018101e-01   3.7612746e-01   9.6603257e-02   6.4392905e-01   3.6500670e-01   9.6603257e-02   3.1459886e-01   3.3133247e-01   2.9954401e-01   3.4990138e-01   3.4569051e-01   5.3285508e-01   3.8357358e-01   3.4569051e-01
   6.4973691e-01   4.8667714e-01   3.2715691e-01   3.2715691e-01   4.9445222e-01   4.6060962e-01   9.6603257e-02   6.0807756e-01   3.1192926e-01   9.6603257e-02   4.4966402e-01   3.2715691e-01   3.5205956e-01   3.7282330e-01   3.8943853e-01   4.9913221e-01   5.6560301e-01   2.9403483e-01
   5.3956088e-01   4.4231270e-01   3.5832130e-01   3.4292727e-01   5.7627154e-01   4.8434112e-01   9.6603257e-02   6.8149887e-01   3.1604014e-01   9.6603257e-02   3.5832130e-01   3.7830273e-01   3.7864478e-01   5.1055108e-01   4.0004598e-01   6.1519219e-01   5.2205390e-01   3.1604014e-01
   6.0514016e-01   3.9182282e-01   3.0922471e-01   3.0922471e-01   3.9811372e-01   6.8234405e-01   9.6603257e-02   7.2939772e-01   3.5486838e-01   3.1400167e-01   2.4375385e-01   9.6603257e-02   4.4578656e-01   4.1009438e-01   3.3269411e-01   6.6316568e-01   3.6842155e-01   3.0302949e-01
   6.1443673e-01   5.8868975e-01   3.3388776e-01   3.5374970e-01   3.9918602e-01   4.4800542e-01   9.6603257e-02   7.1701515e-01   3.5253928e-01   9.6603257e-02   3.3401248e-01   3.3401248e-01   4.1017644e-01   3.8369944e-01   3.9069386e-01   5.4017403e-01   3.5662663e-01   9.6603257e-02
   6.2766849e-01   6.0256318e-01   2.7680920e-01   2.7680920e-01   5.3038308e-01   5.4000335e-01   9.6603257e-02   5.2520604e-01   2.5215459e-01   9.6603257e-02   5.0167117e-01   2.7680920e-01   9.6603257e-02   3.5965115e-01   3.4990138e-01   6.7822339e-01   3.5308961e-01   3.1741298e-01
   5.5897434e-01   4.9117720e-01   4.0061521e-01   3.9107876e-01   5.6967194e-01   4.1607384e-01   2.9107765e-01   6.3910180e-01   3.4151135e-01   1.0820636e-01   3.3325436e-01   4.0382809e-01   3.5562573e-01   4.6515059e-01   3.7813527e-01   5.1671777e-01   3.7361922e-01   2.8869376e-01
   5.6124573e-01   4.1229545e-01   2.8913271e-01   3.2967892e-01   3.9174904e-01   5.0052525e-01   9.6603257e-02   6.3927292e-01   3.2443146e-01   9.6603257e-02   4.9145381e-01   9.6603257e-02   4.0854738e-01   3.8522549e-01   4.5423174e-01   6.9329587e-01   3.7935928e-01   3.4429170e-01
   5.4438203e-01   4.5388641e-01   2.9113490e-01   3.3149733e-01   5.4147556e-01   5.4329559e-01   9.6603257e-02   7.2439651e-01   3.6788356e-01   9.6603257e-02   5.0878567e-01   3.5089965e-01   3.6371678e-01   4.1467738e-01   4.1209326e-01   6.2412912e-01   4.3910173e-01   3.0761523e-01
   6.1109298e-01   4.9463880e-01   4.5461191e-01   3.9743248e-01   5.3740081e-01   5.7816303e-01   9.6603257e-02   6.1181289e-01   3.9743248e-01   9.6603257e-02   3.3728687e-01   3.4292727e-01   5.2205390e-01   3.9175758e-01   4.1831090e-01   7.2117022e-01   3.4319680e-01   4.6969570e-01
   4.0144421e-01   4.0029659e-01   2.6172003e-01   3.0256243e-01   4.6641319e-01   3.6526083e-01   9.6603257e-02   7.3296115e-01   3.5192649e-01   9.6603257e-02   4.0221823e-01   2.9665425e-01   3.8857717e-01   5.0769441e-01   4.8725227e-01   5.6797367e-01   3.2027411e-01   2.8423529e-01
   5.6925054e-01   4.4513672e-01   3.0278193e-01   3.7554878e-01   6.3533111e-01   5.2869416e-01   9.6603257e-02   6.3322969e-01   3.5543818e-01   9.6603257e-02   3.3739217e-01   3.0278193e-01   5.4779426e-01   4.6128313e-01   2.8029185e-01   6.0847693e-01   4.7921204e-01   5.1845358e-01
   4.4436004e-01   3.5747843e-01   3.3352643e-01   3.7534300e-01   4.7399857e-01   4.3636446e-01   9.6603257e-02   6.0494129e-01   3.6973409e-01   9.6603257e-02   3.1603323e-01   3.2721181e-01   3.7398870e-01   4.0091018e-01   3.9698379e-01   5.1535900e-01   3.2721181e-01   2.8065317e-01
   6.6676388e-01   5.7838283e-01   3.4508000e-01   3.5414731e-01   3.3684718e-01   5.2787284e-01   9.6603257e-02   6.7453720e-01   3.4508000e-01   9.6603257e-02   3.4889100e-01   3.4508000e-01   9.6603257e-02   3.4070044e-01   4.0457036e-01   6.4905854e-01   5.6335551e-01   5.2768888e-01
   4.9154130e-01   4.8225504e-01   3.6902744e-01   3.5389824e-01   5.0979060e-01   5.5242740e-01   9.6603257e-02   7.2099441e-01   4.1294645e-01   9.6603257e-02   3.0831821e-01   3.4253903e-01   4.7852773e-01   4.1294645e-01   4.2330382e-01   6.1675042e-01   3.5832130e-01   9.6603257e-02
   5.1526382e-01   5.1526382e-01   3.7913840e-01   3.7913840e-01   5.1791570e-01   5.6849605e-01   9.6603257e-02   7.0827388e-01   3.1569916e-01   9.6603257e-02   9.6603257e-02   3.7913840e-01   4.9909687e-01   3.8474638e-01   4.3679518e-01   6.3460364e-01   4.9909687e-01   3.4914840e-01
   6.9521203e-01   4.5726017e-01   2.7035608e-01   3.0552843e-01   3.9491112e-01   4.2398786e-01   9.6603257e-02   4.6564725e-01   3.1804595e-01   9.6603257e-02   3.5080674e-01   2.7035608e-01   3.2052324e-01   3.6827068e-01   4.3207515e-01   6.4870354e-01   3.0581892e-01   3.0268481e-01
   4.4705718e-01   3.7622018e-01   3.2941331e-01   3.2941331e-01   5.0500419e-01   4.7567929e-01   9.6603257e-02   7.3830485e-01   4.4861158e-01   9.6603257e-02   3.5735479e-01   3.2941331e-01   5.3746003e-01   5.2499595e-01   3.8937589e-01   6.2495625e-01   3.6612275e-01   3.3614141e-01
   5.4135623e-01   3.6895664e-01   3.5169218e-01   4.0667809e-01   3.1955289e-01   5.1364556e-01   2.7107618e-01   5.9256970e-01   3.6727460e-01   3.1405982e-01   3.7054592e-01   9.6603257e-02   3.5027380e-01   2.5799460e-01   3.4011995e-01   5.0430149e-01   3.6159781e-01   2.7389765e-01
   4.3624187e-01   2.9959578e-01   2.9281980e-01   2.6527285e-01   4.7666849e-01   5.5439330e-01   2.9281980e-01   5.5396083e-01   3.1741298e-01   9.6603257e-02   3.5308961e-01   2.9281980e-01   3.5145134e-01   3.5787296e-01   3.0608918e-01   6.6413565e-01   3.5145134e-01   2.9281980e-01
   6.4375223e-01   4.8677043e-01   3.6194556e-01   3.6194556e-01   4.6298757e-01   4.9253666e-01   9.6603257e-02   6.3246691e-01   3.3963500e-01   9.6603257e-02   9.6603257e-02   3.6194556e-01   9.6603257e-02   4.2587836e-01   4.3178975e-01   6.1827881e-01   3.7438974e-01   3.0839556e-01
   5.5669605e-01   4.4566232e-01   3.3789572e-01   2.9816462e-01   5.4867582e-01   4.9328154e-01   9.6603257e-02   5.8191959e-01   3.2053924e-01   9.6603257e-02   3.5989395e-01   9.6603257e-02   4.1836618e-01   4.0077366e-01   4.4777285e-01   5.4824559e-01   3.4015451e-01   9.6603257e-02
   3.7135550e-01   3.1619808e-01   4.4948321e-01   3.9291078e-01   4.3239520e-01   4.6471432e-01   9.6603257e-02   6.9824367e-01   2.9767223e-01   9.6603257e-02   2.9031189e-01   3.1719878e-01   3.5875328e-01   4.3103464e-01   3.3571019e-01   5.1197825e-01   3.4334782e-01   3.1812261e-01
   5.5425293e-01   6.1418811e-01   3.3867706e-01   3.9187241e-01   6.0881002e-01   4.6315083e-01   9.6603257e-02   7.4078058e-01   4.1540173e-01   9.6603257e-02   3.3867706e-01   9.6603257e-02   3.3867706e-01   4.7468805e-01   4.0268743e-01   4.9824427e-01   4.7074145e-01   4.7074145e-01
   5.8343475e-01   5.0827273e-01   2.5215459e-01   2.5215459e-01   4.8035471e-01   5.8052791e-01   9.6603257e-02   6.4544981e-01   2.5215459e-01   9.6603257e-02   9.6603257e-02   2.5215459e-01   3.9743248e-01   3.5273798e-01   3.4990138e-01   6.9423476e-01   3.5920541e-01   3.5832130e-01
   4.1344658e-01   4.6364550e-01   3.6252165e-01   3.8413024e-01   5.2569463e-01   5.0155845e-01   2.8344704e-01   6.7525927e-01   3.7830273e-01   9.6603257e-02   3.2517879e-01   2.8522534e-01   3.3468383e-01   4.3741236e-01   2.7702861e-01   5.5072993e-01   2.9016386e-01   2.7344357e-01
   5.5977940e-01   4.6854034e-01   4.3020720e-01   3.8680551e-01   5.3054051e-01   5.2191039e-01   4.5307402e-01   6.8506778e-01   3.2240442e-01   9.6603257e-02   2.8656952e-01   3.5968071e-01   4.2794208e-01   3.9005788e-01   3.4660373e-01   6.7200678e-01   5.1891670e-01   2.8656952e-01
   6.1890993e-01   4.4813524e-01   3.1022427e-01   3.3133247e-01   5.1490557e-01   4.4566232e-01   9.6603257e-02   6.9001837e-01   2.9954401e-01   9.6603257e-02   9.6603257e-02   3.1022427e-01   2.6445623e-01   4.5904021e-01   3.6661951e-01   6.0551474e-01   4.1869782e-01   3.3463289e-01
   5.4611359e-01   4.5506793e-01   3.2403988e-01   2.7510158e-01   2.6702259e-01   4.3447124e-01   9.6603257e-02   5.6839926e-01   3.8740040e-01   9.6603257e-02   3.4077025e-01   2.9021864e-01   4.3009307e-01   3.9380430e-01   3.6380465e-01   5.1981598e-01   3.5903060e-01   2.5215459e-01
   5.7149650e-01   4.2587836e-01   3.2369341e-01   2.9453647e-01   5.4745521e-01   5.5305387e-01   9.6603257e-02   6.8409789e-01   3.0179912e-01   9.6603257e-02   3.0179912e-01   9.6603257e-02   3.0179912e-01   4.6854034e-01   2.5215459e-01   6.4506865e-01   5.1759035e-01   3.7286744e-01
   5.0756866e-01   5.6689050e-01   3.4887322e-01   3.8345243e-01   4.5537982e-01   4.3666433e-01   9.6603257e-02   7.2994698e-01   3.6581768e-01   2.5215459e-01   5.1008261e-01   3.1010581e-01   2.9197310e-01   4.2850350e-01   4.4350642e-01   4.7560583e-01   5.4544356e-01   3.5308961e-01
   5.2284842e-01   4.5862237e-01   3.1130382e-01   3.3314032e-01   4.7159363e-01   4.6767326e-01   9.6603257e-02   6.7461059e-01   3.4237415e-01   9.6603257e-02   3.2864980e-01   3.1130382e-01   3.5486838e-01   4.0091018e-01   4.3591893e-01   6.0812945e-01   3.4692605e-01   3.0922471e-01
   7.0011562e-01   5.2006844e-01   3.2053155e-01   3.2372546e-01   6.0168607e-01   4.3006840e-01   3.0756575e-01   5.1113283e-01   3.7286382e-01   9.6603257e-02   3.3050514e-01   2.6866586e-01   3.1747910e-01   3.7071359e-01   4.3332873e-01   5.1009520e-01   2.9946034e-01   4.1299184e-01
   4.5190870e-01   4.4465741e-01   3.5205956e-01   3.5205956e-01   2.6732982e-01   4.8375776e-01   9.6603257e-02   5.8187454e-01   3.1925333e-01   9.6603257e-02   3.5205956e-01   3.5205956e-01   5.3438840e-01   2.5236693e-01   2.6893196e-01   6.0697055e-01   3.1925333e-01   3.1925333e-01
   4.4925655e-01   4.4925655e-01   3.8522010e-01   3.8522010e-01   4.8486913e-01   5.3149044e-01   9.6603257e-02   6.2424448e-01   3.8522010e-01   9.6603257e-02   9.6603257e-02   3.8522010e-01   3.7913840e-01   3.8474638e-01   2.6036533e-01   7.1482111e-01   3.5160860e-01   9.6603257e-02
   5.2180581e-01   5.7856403e-01   3.6231737e-01   3.6231737e-01   5.0466838e-01   5.1165969e-01   9.6603257e-02   6.0029855e-01   3.3021157e-01   9.6603257e-02   3.7097271e-01   3.3021157e-01   3.3021157e-01   3.4990138e-01   4.1344631e-01   6.5009862e-01   3.3021157e-01   3.4172040e-01
   5.3584161e-01   4.8346166e-01   3.3212042e-01   3.2937251e-01   6.0304804e-01   4.1832240e-01   2.9453606e-01   5.3687289e-01   3.4647430e-01   9.6603257e-02   3.6745550e-01   3.2073560e-01   3.3175286e-01   4.1821795e-01   4.3978535e-01   5.1857435e-01   4.3242357e-01   4.9735902e-01
   5.7373570e-01   4.5008526e-01   3.1628816e-01   3.8465096e-01   5.9960071e-01   4.5494505e-01   2.7100816e-01   5.9470579e-01   3.5700482e-01   9.6603257e-02   3.3471062e-01   3.1628816e-01   4.2108793e-01   4.5667933e-01   3.7120482e-01   5.4354749e-01   4.5250647e-01   3.1393776e-01
   6.8373151e-01   5.6058525e-01   3.0224687e-01   3.4938607e-01   4.7406761e-01   4.4325824e-01   9.6603257e-02   6.2376882e-01   3.9016170e-01   9.6603257e-02   3.5424275e-01   9.6603257e-02   3.5802139e-01   4.2420753e-01   4.8516326e-01   5.4126778e-01   5.1023935e-01   3.8248752e-01
   5.8605496e-01   4.7255724e-01   3.2322412e-01   3.5409798e-01   5.8623348e-01   4.1079519e-01   2.7325774e-01   5.1554640e-01   3.8568415e-01   2.6484674e-01   4.4429382e-01   3.0036641e-01   3.4459125e-01   3.6597853e-01   4.4012706e-01   5.7530088e-01   3.0992942e-01   2.8403324e-01
   6.3358346e-01   5.8814815e-01   3.2542872e-01   3.4644358e-01   5.0706050e-01   5.5822351e-01   3.1469805e-01   6.7742182e-01   3.9998324e-01   9.6603257e-02   4.9193167e-01   3.0411556e-01   4.6271704e-01   4.3097290e-01   5.7247165e-01   6.1104546e-01   4.4207657e-01   3.1469805e-01
   7.2252118e-01   4.7080990e-01   3.2646517e-01   3.1122336e-01   4.9099088e-01   4.5712918e-01   3.1122336e-01   6.1727447e-01   3.3334050e-01   9.6603257e-02   3.3971057e-01   9.6603257e-02   3.1418370e-01   4.0845464e-01   4.5614107e-01   7.1870309e-01   4.4516482e-01   3.0499486e-01
   6.8065603e-01   5.5642954e-01   3.7360281e-01   4.2418127e-01   4.3541795e-01   4.6871791e-01   3.0983996e-01   6.7944369e-01   4.2857594e-01   9.6603257e-02   3.7321212e-01   2.9082470e-01   3.2746167e-01   3.6767558e-01   5.2007627e-01   4.7960643e-01   4.2894323e-01   3.5020545e-01
   5.5770068e-01   4.8545618e-01   3.6387471e-01   3.6387471e-01   5.1185304e-01   3.2228521e-01   9.6603257e-02   6.7747039e-01   3.4545818e-01   3.3508329e-01   3.5139672e-01   9.6603257e-02   3.7892618e-01   4.2934514e-01   4.6832166e-01   4.7077736e-01   3.2228521e-01   3.6387471e-01
   4.8301696e-01   4.7646073e-01   3.8698728e-01   3.9107339e-01   5.9953085e-01   3.6644719e-01   9.6603257e-02   5.1740787e-01   3.7771346e-01   9.6603257e-02   4.6854034e-01   2.9509068e-01   3.6996452e-01   3.3254107e-01   4.7262370e-01   5.0590642e-01   5.0268088e-01   2.8255526e-01
   6.0707856e-01   4.4025192e-01   2.9211496e-01   3.5247245e-01   5.8077188e-01   5.4062586e-01   9.6603257e-02   6.7540407e-01   3.3742372e-01   9.6603257e-02   3.3609536e-01   2.9211496e-01   3.1099913e-01   5.0106891e-01   3.9124973e-01   6.6613796e-01   5.5407044e-01   4.6427533e-01
   5.9084026e-01   4.6530874e-01   2.8601852e-01   3.1204087e-01   5.1629490e-01   4.8669463e-01   9.6603257e-02   6.3935257e-01   3.5585016e-01   2.6742128e-01   3.3936858e-01   3.0117088e-01   3.7379113e-01   4.2286836e-01   4.0122028e-01   6.0703182e-01   3.5321500e-01   2.8354151e-01
   6.6884189e-01   4.3215355e-01   3.0484964e-01   3.2846597e-01   5.8191959e-01   6.0135658e-01   9.6603257e-02   5.0329087e-01   5.2827415e-01   9.6603257e-02   3.7997873e-01   3.0484964e-01   3.0484964e-01   4.3809523e-01   3.7997873e-01   7.1227620e-01   5.2037568e-01   3.0484964e-01
   6.8427018e-01   5.2610881e-01   2.5215459e-01   2.5215459e-01   3.6169374e-01   4.4407742e-01   9.6603257e-02   6.7975222e-01   3.8276461e-01   3.2570139e-01   3.0682656e-01   2.8602407e-01   3.4324203e-01   3.5849214e-01   4.8959019e-01   5.3552733e-01   4.4000732e-01   2.8602407e-01
   6.1494342e-01   4.7410039e-01   9.6603257e-02   2.7354987e-01   4.1396663e-01   4.4332573e-01   9.6603257e-02   6.7554193e-01   2.7354987e-01   9.6603257e-02   2.8543698e-01   2.5215459e-01   3.2017375e-01   3.9327257e-01   4.2101304e-01   5.5673951e-01   3.4645112e-01   5.0464430e-01
   5.1810962e-01   4.4485573e-01   3.1294847e-01   3.2577727e-01   6.1630056e-01   5.3627245e-01   9.6603257e-02   7.1528152e-01   4.6003346e-01   9.6603257e-02   3.4767909e-01   3.1294847e-01   4.6003346e-01   6.1502913e-01   3.9295574e-01   5.9432473e-01   3.5832130e-01   3.1294847e-01
   5.1501401e-01   3.1898372e-01   3.6940359e-01   2.5215559e-01   4.6646926e-01   5.3327747e-01   9.6603257e-02   5.1137879e-01   2.7085677e-01   9.6603257e-02   4.4222519e-01   2.1389602e-01   3.3484930e-01   3.8369944e-01   4.7805336e-01   5.8712538e-01   3.3502493e-01   9.6603257e-02
   5.6745566e-01   5.5927612e-01   3.5288322e-01   3.8581258e-01   5.4246347e-01   4.4122567e-01   9.6603257e-02   5.7870191e-01   4.3604169e-01   2.6441004e-01   3.4826098e-01   3.3344182e-01   3.3475394e-01   4.0664006e-01   4.3264608e-01   4.6360660e-01   3.3686344e-01   3.0395161e-01
   4.3355802e-01   4.0424548e-01   3.4889100e-01   3.7716824e-01   5.8942818e-01   6.1225717e-01   9.6603257e-02   5.9935774e-01   3.7149913e-01   9.6603257e-02   3.4508000e-01   9.6603257e-02   4.9429373e-01   4.0306238e-01   9.6603257e-02   7.1356828e-01   3.4070044e-01   3.1251205e-01
   6.2679668e-01   5.5724108e-01   3.5469318e-01   3.5469318e-01   5.6320482e-01   5.8939212e-01   9.6603257e-02   6.6102597e-01   9.6603257e-02   9.6603257e-02   3.9083981e-01   3.5469318e-01   9.6603257e-02   4.6060962e-01   3.4990138e-01   7.1960682e-01   4.2565739e-01   3.5469318e-01
   5.1373555e-01   3.4990138e-01   3.4314514e-01   3.5679786e-01   4.9014500e-01   5.3610283e-01   9.6603257e-02   6.5279807e-01   3.2989819e-01   9.6603257e-02   3.4866573e-01   3.2754148e-01   3.6013654e-01   4.0798393e-01   3.7200210e-01   6.1348226e-01   3.3463289e-01   3.1022427e-01
   5.2757625e-01   4.9937527e-01   3.4447025e-01   3.6123156e-01   4.8140551e-01   5.0358715e-01   9.6603257e-02   6.9054194e-01   3.2441433e-01   9.6603257e-02   5.1389477e-01   3.4447025e-01   4.5738776e-01   4.2348607e-01   3.4444048e-01   7.2786730e-01   4.7089591e-01   5.1389477e-01
   4.6919367e-01   3.8842622e-01   3.0959413e-01   2.9572636e-01   5.0493520e-01   5.6190877e-01   9.6603257e-02   7.4780968e-01   4.2526160e-01   9.6603257e-02   3.0959413e-01   3.2291357e-01   3.9348023e-01   4.3982459e-01   2.8559611e-01   5.0705003e-01   4.9917395e-01   9.6603257e-02
   6.9720764e-01   5.7241039e-01   3.8155820e-01   3.4990138e-01   3.8369944e-01   4.9553547e-01   9.6603257e-02   6.0395212e-01   3.0484964e-01   9.6603257e-02   5.7803084e-01   3.4990138e-01   3.4015451e-01   3.8155820e-01   4.4777285e-01   7.1601000e-01   3.6940359e-01   3.0484964e-01
   5.0311823e-01   3.4379473e-01   3.2016965e-01   3.5309565e-01   5.4517040e-01   5.5801515e-01   9.6603257e-02   7.2653280e-01   3.5309565e-01   2.8895543e-01   2.6328503e-01   3.1011657e-01   3.7032306e-01   4.2275914e-01   3.8256967e-01   6.0094352e-01   3.0757575e-01   2.9477608e-01
   6.7833764e-01   6.3283695e-01   3.5148455e-01   3.5449331e-01   5.7802274e-01   5.0963370e-01   9.6603257e-02   6.4693753e-01   3.5148455e-01   9.6603257e-02   3.7628085e-01   3.5148455e-01   9.6603257e-02   4.0396840e-01   4.2755638e-01   6.7833764e-01   5.8864851e-01   9.6603257e-02
   4.1344631e-01   3.2119025e-01   2.5215459e-01   2.6689651e-01   4.5243361e-01   5.6785609e-01   9.6603257e-02   7.0411204e-01   3.8369944e-01   9.6603257e-02   3.4172040e-01   3.3637311e-01   4.4332573e-01   3.4990138e-01   3.4172040e-01   5.0669657e-01   3.8322614e-01   9.6603257e-02
   6.1880967e-01   4.8263859e-01   2.6781424e-01   3.1572210e-01   4.5615173e-01   4.2835192e-01   9.6603257e-02   5.6389080e-01   3.4497641e-01   9.6603257e-02   3.5754463e-01   2.6781424e-01   4.1003144e-01   4.1138329e-01   4.2699285e-01   6.1421476e-01   3.9782859e-01   3.2417942e-01
   5.5859932e-01   4.8409556e-01   3.3286597e-01   3.7875711e-01   5.5514335e-01   4.1885222e-01   9.6603257e-02   6.4921523e-01   3.7875711e-01   9.6603257e-02   3.2371650e-01   3.1465808e-01   3.2623372e-01   4.7723991e-01   4.0962549e-01   5.4460021e-01   4.7438343e-01   4.0004324e-01
   7.2493165e-01   5.0532496e-01   2.7315897e-01   2.6169292e-01   4.8402594e-01   4.9502778e-01   9.6603257e-02   6.1624345e-01   3.4664925e-01   9.6603257e-02   4.1040633e-01   3.0484964e-01   3.3316807e-01   4.3365170e-01   4.6961889e-01   6.4398565e-01   3.7720430e-01   3.5196813e-01
   5.8100228e-01   4.3485114e-01   4.4705568e-01   4.0417318e-01   4.2330297e-01   5.8187454e-01   9.6603257e-02   6.6102597e-01   4.7466705e-01   9.6603257e-02   2.7409377e-01   3.5469318e-01   9.6603257e-02   3.5469318e-01   2.7409377e-01   4.1714148e-01   3.5469318e-01   3.1192926e-01
   5.1607251e-01   4.6227084e-01   3.0635214e-01   3.4535348e-01   5.0292673e-01   4.2472662e-01   9.6603257e-02   7.2863254e-01   3.4964514e-01   9.6603257e-02   3.6267244e-01   3.0635214e-01   3.4535348e-01   5.3095865e-01   3.5736852e-01   5.1313227e-01   4.0330685e-01   3.3457864e-01
   6.7453384e-01   4.9245515e-01   3.0301967e-01   3.3023257e-01   4.2799973e-01   5.7260933e-01   9.6603257e-02   7.3602781e-01   3.5987388e-01   9.6603257e-02   9.6603257e-02   3.0934368e-01   4.6522401e-01   3.7344686e-01   4.6910797e-01   6.6120016e-01   4.1017644e-01   1.5775240e-01
   6.4950548e-01   5.5803779e-01   3.1925333e-01   3.1192926e-01   5.4432732e-01   4.8898079e-01   3.1925333e-01   6.0759291e-01   4.7285185e-01   9.6603257e-02   3.3734683e-01   3.0080983e-01   3.5469318e-01   3.8305182e-01   4.7285185e-01   5.5433768e-01   5.2734351e-01   2.8891236e-01
   6.6766459e-01   5.1990640e-01   3.7438974e-01   3.6770234e-01   4.9665860e-01   5.4236048e-01   9.6603257e-02   5.0767004e-01   3.7438974e-01   9.6603257e-02   5.2372487e-01   3.0839556e-01   4.8009360e-01   3.4515128e-01   4.6477647e-01   7.3648358e-01   3.7438974e-01   3.0839556e-01
   4.8936654e-01   4.1900127e-01   2.9281710e-01   3.1102104e-01   4.6000139e-01   5.6111693e-01   9.6603257e-02   7.4556069e-01   3.1102104e-01   9.6603257e-02   3.0941622e-01   2.8263353e-01   3.7833872e-01   3.9610799e-01   3.9996240e-01   5.1531907e-01   3.9187030e-01   2.9453606e-01
   5.6617507e-01   4.4518842e-01   3.3912993e-01   4.2812925e-01   5.5425293e-01   3.9772577e-01   9.6603257e-02   6.7190320e-01   3.5763358e-01   9.6603257e-02   2.9719369e-01   3.2677605e-01   3.1688321e-01   5.2798510e-01   3.9187241e-01   5.4075521e-01   4.2646326e-01   2.9719369e-01
   4.5904021e-01   4.5338023e-01   4.3552975e-01   3.3320759e-01   4.9391789e-01   4.4370729e-01   9.6603257e-02   7.1289017e-01   3.0024290e-01   9.6603257e-02   2.8936804e-01   3.2215275e-01   3.3320759e-01   4.6380511e-01   3.7201488e-01   5.1103584e-01   3.5680180e-01   3.0024290e-01
   5.8565236e-01   4.3487296e-01   3.3250871e-01   3.5653064e-01   4.5850808e-01   5.0145501e-01   9.6603257e-02   5.5865838e-01   3.8087085e-01   9.6603257e-02   2.6057200e-01   2.1389602e-01   4.2769454e-01   2.6321380e-01   2.6335444e-01   4.3378859e-01   4.3263960e-01   3.2245374e-01
   3.4990138e-01   4.0631326e-01   3.6805730e-01   4.3034571e-01   6.3361959e-01   5.3129190e-01   9.6603257e-02   5.0194914e-01   4.0004598e-01   9.6603257e-02   5.2628009e-01   3.6805730e-01   4.9208812e-01   3.5273798e-01   2.9853756e-01   6.2035591e-01   3.1106074e-01   9.6603257e-02
   7.2452900e-01   4.7930923e-01   3.4767909e-01   3.4767909e-01   3.6805730e-01   6.4726202e-01   9.6603257e-02   7.4038218e-01   3.7430072e-01   9.6603257e-02   3.7430072e-01   9.6603257e-02   3.4754381e-01   4.5654203e-01   3.4754381e-01   6.5232091e-01   4.5654203e-01   9.6603257e-02
   5.5534212e-01   4.6854034e-01   3.3637311e-01   3.5650569e-01   4.7239532e-01   6.1244826e-01   9.6603257e-02   7.4545178e-01   3.3637311e-01   9.6603257e-02   5.2142544e-01   3.3637311e-01   3.4172040e-01   5.3145966e-01   3.5650569e-01   6.9719163e-01   5.2091020e-01   3.4172040e-01
   6.0770656e-01   5.9337451e-01   3.4986133e-01   3.9001953e-01   5.8947033e-01   4.2456628e-01   9.6603257e-02   5.9490997e-01   3.9509745e-01   9.6603257e-02   3.1251205e-01   3.2845153e-01   3.8045370e-01   4.5455644e-01   4.3024044e-01   6.1126159e-01   3.4986133e-01   3.2526127e-01
   5.6155231e-01   2.8601041e-01   5.1456244e-01   2.6583853e-01   3.0756119e-01   4.7551508e-01   9.6603257e-02   4.8360884e-01   3.5040469e-01   9.6603257e-02   4.5106163e-01   5.1456244e-01   2.5216861e-01   4.5106163e-01   3.0756119e-01   6.6975855e-01   5.1456244e-01   4.7214800e-01
   4.0465835e-01   4.7210462e-01   3.5160860e-01   3.5160860e-01   4.5021482e-01   3.4990138e-01   9.6603257e-02   6.7487946e-01   3.5754903e-01   9.6603257e-02   4.1118340e-01   9.6603257e-02   2.7650997e-01   4.1735616e-01   4.6854034e-01   4.7678914e-01   3.5499622e-01   9.6603257e-02
   4.9409258e-01   3.6742895e-01   3.0457987e-01   3.1792392e-01   6.9206041e-01   4.6421360e-01   9.6603257e-02   5.9336778e-01   3.3464370e-01   9.6603257e-02   2.9468443e-01   3.0457987e-01   3.4626172e-01   4.7186799e-01   3.4903791e-01   5.8576989e-01   3.0816861e-01   3.0816861e-01
   5.8008149e-01   5.1416107e-01   3.5160860e-01   3.5160860e-01   5.0000000e-01   5.7410946e-01   4.6146282e-01   7.2559016e-01   3.8522010e-01   9.6603257e-02   9.6603257e-02   9.6603257e-02   4.8423120e-01   3.1345929e-01   4.3679518e-01   5.7533193e-01   1.6651695e-01   3.0842122e-01
   4.4402325e-01   4.0506133e-01   3.0657214e-01   3.1824557e-01   5.1618739e-01   4.7350305e-01   9.6603257e-02   6.5343581e-01   3.4954733e-01   9.6603257e-02   3.3942648e-01   2.7191576e-01   3.6204906e-01   4.1089381e-01   3.4050165e-01   5.6925054e-01   3.0471077e-01   3.2669265e-01
   4.7114720e-01   4.2067862e-01   2.9590563e-01   3.2938966e-01   5.5353527e-01   4.2806742e-01   9.6603257e-02   7.2300002e-01   3.2938966e-01   2.8183719e-01   3.5104162e-01   3.1011961e-01   3.5187811e-01   4.9217449e-01   4.0616342e-01   5.3372519e-01   5.0063556e-01   4.3245170e-01
   5.8420689e-01   6.1692123e-01   3.6779503e-01   3.9240377e-01   5.7343753e-01   5.4931016e-01   9.6603257e-02   5.6211653e-01   3.7648062e-01   9.6603257e-02   4.7482192e-01   3.4846228e-01   3.4956289e-01   3.6618515e-01   4.3762754e-01   6.5572296e-01   3.3401343e-01   3.2093275e-01
   6.4644915e-01   5.6461166e-01   3.6805730e-01   3.4990138e-01   5.0194914e-01   4.3679518e-01   9.6603257e-02   5.2832866e-01   3.1106074e-01   9.6603257e-02   3.4319680e-01   3.6805730e-01   9.6603257e-02   4.7001482e-01   4.0004598e-01   5.8497984e-01   4.8276048e-01   3.4767909e-01
   6.7156531e-01   5.3618293e-01   3.1337947e-01   3.6783862e-01   4.5264073e-01   4.2879170e-01   9.6603257e-02   6.0287888e-01   3.2880126e-01   9.6603257e-02   2.9431502e-01   3.1337947e-01   3.6327282e-01   4.3679518e-01   4.4945157e-01   6.0739656e-01   5.0658050e-01   2.9431502e-01
   5.6691235e-01   5.2231594e-01   3.7149913e-01   4.0306238e-01   4.6831950e-01   5.7301149e-01   9.6603257e-02   5.7721185e-01   3.4070044e-01   9.6603257e-02   5.2768888e-01   3.7149913e-01   1.6273157e-01   3.7149913e-01   2.8911990e-01   6.5840521e-01   5.2768888e-01   5.2768888e-01
   6.3899004e-01   4.8826661e-01   2.8822995e-01   3.1036849e-01   5.6228263e-01   4.7458312e-01   9.6603257e-02   5.9485960e-01   3.1036849e-01   9.6603257e-02   3.4246203e-01   2.8822995e-01   3.4644406e-01   3.6641654e-01   3.9787183e-01   6.3899004e-01   3.4711146e-01   4.5581090e-01
   6.4601637e-01   3.4990138e-01   9.6603257e-02   3.3484930e-01   5.8957007e-01   5.2827415e-01   9.6603257e-02   6.2799790e-01   3.4015451e-01   9.6603257e-02   2.9566198e-01   2.5215459e-01   9.6603257e-02   3.5405567e-01   2.7558144e-01   4.5903249e-01   5.5109511e-01   3.4015451e-01
   5.6058140e-01   4.6915834e-01   2.7655853e-01   3.5334350e-01   5.7106154e-01   4.2091787e-01   9.6603257e-02   5.6998974e-01   3.6481750e-01   9.6603257e-02   4.4942225e-01   2.7655853e-01   3.7574604e-01   3.7408835e-01   4.0264757e-01   5.9116970e-01   3.1740125e-01   3.1740125e-01
   4.6685796e-01   3.3323155e-01   2.8593207e-01   3.1297246e-01   4.4103100e-01   4.3136875e-01   9.6603257e-02   7.3291980e-01   4.5309825e-01   9.6603257e-02   4.0646666e-01   3.5198331e-01   3.9518286e-01   5.4998190e-01   3.9312806e-01   5.1511020e-01   3.1821008e-01   4.2091824e-01
   7.2122646e-01   5.4395267e-01   3.3923932e-01   2.9456761e-01   3.8601314e-01   5.0124142e-01   9.6603257e-02   7.1967403e-01   3.8276461e-01   3.1894392e-01   3.1577273e-01   2.7321705e-01   3.4324203e-01   4.3440447e-01   4.1955379e-01   5.7138098e-01   3.5014014e-01   3.4454945e-01
   5.7168085e-01   4.9907491e-01   3.4018891e-01   3.4717342e-01   5.2337711e-01   4.5212172e-01   3.0435110e-01   6.7820917e-01   3.7237394e-01   9.6603257e-02   3.1162657e-01   2.8916356e-01   3.7716659e-01   4.8806682e-01   3.9894959e-01   5.5255681e-01   3.8545546e-01   2.8916356e-01
   5.3272520e-01   5.3970137e-01   3.9662208e-01   4.1775833e-01   4.2912905e-01   4.7307550e-01   9.6603257e-02   6.0714622e-01   3.8665782e-01   9.6603257e-02   5.2253978e-01   3.9662208e-01   9.6603257e-02   3.8665782e-01   3.8821862e-01   5.5082907e-01   3.3796243e-01   3.0714622e-01
   5.5119433e-01   4.5154409e-01   3.2881540e-01   3.4414166e-01   5.3284667e-01   4.7286998e-01   9.6603257e-02   5.2950887e-01   3.7962072e-01   2.6892321e-01   3.5515181e-01   3.0854397e-01   3.6653604e-01   3.9174904e-01   4.3032351e-01   5.5526309e-01   3.1842591e-01   2.9388661e-01
   5.3697824e-01   5.1216533e-01   3.4990138e-01   3.5737003e-01   4.8025433e-01   4.0564932e-01   9.6603257e-02   5.3435412e-01   3.5737003e-01   9.6603257e-02   3.1925333e-01   3.4990138e-01   3.1925333e-01   3.5737003e-01   4.2706213e-01   4.8826706e-01   3.1925333e-01   3.1925333e-01
   4.6913659e-01   4.1665264e-01   3.0086415e-01   3.5307727e-01   6.4012303e-01   5.4706536e-01   9.6603257e-02   7.2112357e-01   4.0524682e-01   9.6603257e-02   5.2999100e-01   3.0086415e-01   5.4486846e-01   3.9543285e-01   4.6621565e-01   6.1808149e-01   4.6459389e-01   3.3508329e-01
   5.7589598e-01   5.0202312e-01   3.1962010e-01   4.0327592e-01   5.6062318e-01   5.3403849e-01   2.9912439e-01   6.8819327e-01   3.6150476e-01   9.6603257e-02   3.1962010e-01   9.6603257e-02   4.6087076e-01   3.4707340e-01   4.4411378e-01   5.5671901e-01   3.3299458e-01   2.9912439e-01
   3.7108783e-01   4.2838064e-01   3.3115811e-01   3.4758682e-01   6.2287617e-01   3.7457572e-01   9.6603257e-02   5.6275214e-01   3.6756528e-01   9.6603257e-02   4.5985329e-01   2.8473581e-01   4.1901078e-01   4.0577257e-01   3.7212531e-01   5.3675674e-01   3.0856930e-01   3.0840913e-01
   5.4799313e-01   3.5053962e-01   4.9271235e-01   3.4990138e-01   5.0660845e-01   5.6689519e-01   9.6603257e-02   6.3736969e-01   3.9396853e-01   9.6603257e-02   5.3640066e-01   3.9396853e-01   5.3640066e-01   4.9271235e-01   1.7304522e-01   6.0703112e-01   9.6603257e-02   3.5643519e-01
   5.1610603e-01   4.8305057e-01   4.0126772e-01   4.4102049e-01   5.9069186e-01   4.5155085e-01   9.6603257e-02   7.0040422e-01   3.5040469e-01   9.6603257e-02   2.5215459e-01   3.6039289e-01   4.0126772e-01   5.0532246e-01   5.3145966e-01   5.7504867e-01   5.4091201e-01   9.6603257e-02
   5.0629389e-01   4.3054960e-01   3.4316006e-01   3.4825141e-01   7.1039406e-01   5.3381402e-01   9.6603257e-02   6.7743334e-01   3.6194556e-01   9.6603257e-02   3.7402630e-01   3.0650486e-01   4.0126772e-01   4.4620007e-01   3.7489807e-01   5.3797950e-01   3.2593827e-01   2.9467947e-01
   4.9433238e-01   3.7024629e-01   3.1910762e-01   3.1910762e-01   5.6277473e-01   4.6296284e-01   3.1892323e-01   6.9016760e-01   3.4140067e-01   9.6603257e-02   3.2163798e-01   3.1910762e-01   4.3150886e-01   4.7553275e-01   3.5794957e-01   5.7569918e-01   5.1788276e-01   4.3150886e-01
   5.7743946e-01   4.6854034e-01   3.1836996e-01   3.1836996e-01   4.5068984e-01   5.1200920e-01   9.6603257e-02   7.0526323e-01   3.2555538e-01   9.6603257e-02   9.6603257e-02   3.3202317e-01   3.6039289e-01   5.4467862e-01   3.9524585e-01   6.5348039e-01   3.6039289e-01   9.6603257e-02
   3.4930988e-01   4.6222746e-01   4.1735724e-01   3.8522010e-01   6.2791160e-01   5.8703684e-01   9.6603257e-02   7.4078856e-01   3.5160860e-01   9.6603257e-02   9.6603257e-02   9.6603257e-02   6.2519980e-01   4.2273383e-01   9.6603257e-02   6.5948298e-01   4.6222746e-01   2.7392745e-01
   6.2867664e-01   5.3667305e-01   3.0834826e-01   3.2009236e-01   5.7899966e-01   5.4032551e-01   9.6603257e-02   5.9765788e-01   3.3803330e-01   9.6603257e-02   4.0006308e-01   3.2009236e-01   4.6027047e-01   4.1482189e-01   4.4988763e-01   6.3631145e-01   4.3433305e-01   2.8738439e-01
   6.5868928e-01   4.1714148e-01   3.0529324e-01   2.8384433e-01   4.1569146e-01   6.0813085e-01   9.6603257e-02   7.0373696e-01   3.2338646e-01   9.6603257e-02   3.4328564e-01   2.7456135e-01   3.7991544e-01   3.2677624e-01   4.7064027e-01   7.1928989e-01   3.3743801e-01   3.1022952e-01
   4.7210462e-01   4.5388641e-01   3.7575552e-01   4.0380081e-01   5.3994714e-01   5.6276987e-01   9.6603257e-02   6.9486967e-01   3.7913840e-01   9.6603257e-02   3.6888718e-01   3.3260049e-01   5.4268064e-01   3.6646403e-01   3.7575552e-01   6.2791160e-01   3.2885169e-01   3.1569916e-01
   5.6490391e-01   4.5614107e-01   3.5767214e-01   3.5790740e-01   5.2231430e-01   4.3869907e-01   9.6603257e-02   5.4742116e-01   3.3654725e-01   9.6603257e-02   3.3960114e-01   3.5767214e-01   3.3654725e-01   4.5424737e-01   4.1155879e-01   5.7137649e-01   3.5767214e-01   3.0596611e-01
   6.8068904e-01   5.0599058e-01   3.8967620e-01   3.5058969e-01   4.9635052e-01   4.8308108e-01   9.6603257e-02   6.2284202e-01   3.5232294e-01   2.7349837e-01   2.8892365e-01   3.8967620e-01   3.4863429e-01   4.9382982e-01   3.9422554e-01   6.2284202e-01   4.7049023e-01   3.3506935e-01
