   7.3962701e-01   5.3145966e-01   9.6603257e-02   3.1405982e-01   4.9709338e-01   3.4324203e-01   9.6603257e-02   6.5805753e-01   9.6603257e-02   9.6603257e-02   9.6603257e-02   9.6603257e-02   3.1405982e-01   4.0946201e-01   4.0946201e-01   7.3632917e-01   5.5062431e-01   9.6603257e-02
   3.4990138e-01   9.6603257e-02   9.6603257e-02   9.6603257e-02   4.9339106e-01   4.5908799e-01   9.6603257e-02   7.1352891e-01   9.6603257e-02   5.4091201e-01   3.6039289e-01   3.6333438e-01   5.3522353e-01   3.7748864e-01   2.9719867e-01   6.1688183e-01   5.4091201e-01   9.6603257e-02
   6.3383869e-01   4.5532138e-01   3.7438974e-01   9.6603257e-02   4.5155085e-01   5.9352160e-01   9.6603257e-02   7.3923310e-01   3.3401248e-01   9.6603257e-02   3.6770234e-01   9.6603257e-02   5.1369097e-01   3.6194556e-01   4.5532138e-01   5.7750777e-01   4.0126772e-01   3.0144695e-01
   5.2618536e-01   3.8490901e-01   9.6603257e-02   2.5215459e-01   6.9492755e-01   5.3592270e-01   9.6603257e-02   5.0093281e-01   3.5298391e-01   3.0011949e-01   3.5366613e-01   2.8646778e-01   4.4674022e-01   3.8001491e-01   4.0217255e-01   4.9679774e-01   3.2399411e-01   3.0231498e-01
   7.4784541e-01   6.2942775e-01   9.6603257e-02   9.6603257e-02   4.0424548e-01   4.8009360e-01   9.6603257e-02   6.2942775e-01   3.0839556e-01   9.6603257e-02   4.8796817e-01   9.6603257e-02   9.6603257e-02   4.3178975e-01   5.7517005e-01   5.1128217e-01   4.8389397e-01   3.4515128e-01
   5.9779069e-01   3.8509289e-01   9.6603257e-02   9.6603257e-02   5.6480969e-01   6.3358517e-01   9.6603257e-02   7.7962126e-01   3.2041508e-01   9.6603257e-02   9.6603257e-02   9.6603257e-02   4.0624427e-01   6.4015932e-01   5.1612327e-01   5.3182390e-01   5.2141241e-01   9.6603257e-02
   7.3438914e-01   5.4703100e-01   9.6603257e-02   3.2646517e-01   5.2040418e-01   4.6968289e-01   9.6603257e-02   6.0495143e-01   3.5387514e-01   9.6603257e-02   5.1055931e-01   9.6603257e-02   3.3178186e-01   4.6183518e-01   4.4018730e-01   7.3534796e-01   5.3344326e-01   3.5387514e-01
   7.4342745e-01   6.5009862e-01   9.6603257e-02   9.6603257e-02   4.8898079e-01   5.6808405e-01   9.6603257e-02   7.7984793e-01   9.6603257e-02   9.6603257e-02   5.3438840e-01   9.6603257e-02   9.6603257e-02   6.1136351e-01   5.6808405e-01   6.5009862e-01   7.2679078e-01   3.1925333e-01
   3.6828898e-01   2.7319905e-01   1.5138753e-01   1.5138753e-01   3.8149020e-01   4.9034562e-01   9.6603257e-02   5.3539249e-01   3.3739217e-01   9.6603257e-02   5.1845358e-01   1.5138753e-01   5.1845358e-01   2.9669475e-01   3.3192023e-01   6.1542628e-01   2.5215459e-01   2.1127783e-01
   4.3103464e-01   3.6426491e-01   2.9477608e-01   3.0807640e-01   4.1714740e-01   4.3175057e-01   2.5215459e-01   6.5122494e-01   3.2382431e-01   9.6603257e-02   3.9524585e-01   9.6603257e-02   3.7140251e-01   3.9676900e-01   3.5309565e-01   5.9225168e-01   3.9439346e-01   9.6603257e-02
   4.2597037e-01   4.5061297e-01   9.6603257e-02   9.6603257e-02   5.6736581e-01   5.2089284e-01   9.6603257e-02   8.0915326e-01   4.2597037e-01   5.0439838e-01   9.6603257e-02   9.6603257e-02   3.9505825e-01   6.7584351e-01   3.4092592e-01   4.2597037e-01   5.3891168e-01   9.6603257e-02
   4.8305057e-01   3.4990138e-01   2.5215459e-01   2.6574910e-01   4.9813758e-01   4.9478972e-01   9.6603257e-02   7.1592722e-01   3.2441433e-01   3.1335478e-01   3.4444048e-01   2.5215459e-01   3.7267635e-01   5.3881975e-01   3.1700287e-01   5.1382741e-01   3.8420533e-01   9.6603257e-02
   3.8866909e-01   3.3401248e-01   9.6603257e-02   9.6603257e-02   6.9521655e-01   4.2587836e-01   9.6603257e-02   3.9524585e-01   3.3963500e-01   9.6603257e-02   3.5040469e-01   9.6603257e-02   3.4515128e-01   4.7926660e-01   3.1336552e-01   5.1990640e-01   3.3963500e-01   9.6603257e-02
   5.9201607e-01   4.8502304e-01   9.6603257e-02   9.6603257e-02   6.5950075e-01   3.4889100e-01   9.6603257e-02   6.0560864e-01   3.4070044e-01   9.6603257e-02   5.9514037e-01   9.6603257e-02   9.6603257e-02   3.5098174e-01   5.8224361e-01   5.9201607e-01   5.2768888e-01   9.6603257e-02
   6.6462078e-01   4.6952469e-01   1.6553878e-01   2.5215459e-01   4.6854034e-01   5.0842516e-01   9.6603257e-02   4.2648114e-01   2.7638258e-01   9.6603257e-02   2.7389027e-01   1.6553878e-01   2.9158582e-01   3.0526528e-01   4.3023917e-01   6.6713876e-01   2.7389027e-01   2.6512229e-01
   5.0986062e-01   3.9524585e-01   2.1157512e-01   2.2061938e-01   6.0301892e-01   4.4920383e-01   9.6603257e-02   5.1620769e-01   9.6603257e-02   9.6603257e-02   3.4723696e-01   2.1157512e-01   9.6603257e-02   3.4717732e-01   4.7305210e-01   5.2325377e-01   4.5971752e-01   9.6603257e-02
   4.8880286e-01   4.2565739e-01   9.6603257e-02   3.1925333e-01   5.9199661e-01   4.8898079e-01   4.6528458e-01   6.6512206e-01   3.6100170e-01   9.6603257e-02   5.3482482e-01   9.6603257e-02   4.6528458e-01   5.0442141e-01   5.9199661e-01   5.0404787e-01   5.3438840e-01   4.6528458e-01
   3.6031705e-01   3.8345243e-01   9.6603257e-02   9.6603257e-02   6.9382788e-01   4.5455644e-01   9.6603257e-02   5.1312868e-01   3.5787296e-01   9.6603257e-02   1.6856382e-01   9.6603257e-02   4.9832883e-01   3.5308961e-01   3.8345243e-01   4.8947584e-01   5.0167117e-01   2.7400686e-01
   6.4211166e-01   5.3640066e-01   9.6603257e-02   9.6603257e-02   4.8808471e-01   6.6121033e-01   9.6603257e-02   7.3350283e-01   9.6603257e-02   9.6603257e-02   3.2123477e-01   9.6603257e-02   5.0731110e-01   3.2123477e-01   4.6742356e-01   5.6272493e-01   5.3640066e-01   9.6603257e-02
   5.3655584e-01   4.4758451e-01   9.6603257e-02   9.6603257e-02   3.7867011e-01   6.3793167e-01   9.6603257e-02   7.4111541e-01   5.0586231e-01   4.4018782e-01   2.8945676e-01   9.6603257e-02   5.3182390e-01   4.4247913e-01   4.4549875e-01   7.3919277e-01   3.2787758e-01   9.6603257e-02
   4.3679518e-01   1.6853815e-01   9.6603257e-02   9.6603257e-02   5.0899883e-01   3.5965115e-01   9.6603257e-02   6.4900808e-01   9.6603257e-02   2.5215459e-01   4.7057249e-01   9.6603257e-02   4.7057249e-01   4.8566424e-01   3.4990138e-01   6.0256318e-01   9.6603257e-02   9.6603257e-02
   5.0227570e-01   3.7024747e-01   2.8629216e-01   1.1336645e-01   5.6825109e-01   6.5043929e-01   3.2232098e-01   7.3276323e-01   3.0727365e-01   3.1969019e-01   2.8629216e-01   9.6603257e-02   3.7039940e-01   4.0859296e-01   3.3238539e-01   6.4370013e-01   3.5615844e-01   2.6811835e-01
   6.9283882e-01   4.2963263e-01   9.6603257e-02   2.5215459e-01   3.3737799e-01   4.7260182e-01   9.6603257e-02   5.7238465e-01   3.2991370e-01   3.0562735e-01   3.7811866e-01   9.6603257e-02   3.9639140e-01   3.5833429e-01   4.9740570e-01   6.5715662e-01   3.9168799e-01   2.8755379e-01
   6.9368387e-01   4.5112643e-01   9.6603257e-02   2.8508132e-01   5.8068147e-01   4.7382201e-01   9.6603257e-02   5.1112795e-01   2.9867149e-01   9.6603257e-02   9.6603257e-02   9.6603257e-02   3.8276461e-01   4.1642923e-01   4.1135712e-01   7.0264881e-01   4.7640314e-01   3.3874112e-01
   5.1477321e-01   4.3077908e-01   9.6603257e-02   9.6603257e-02   7.3109512e-01   6.3776847e-01   9.6603257e-02   7.3948150e-01   3.6205289e-01   9.6603257e-02   3.5455019e-01   9.6603257e-02   4.1306558e-01   4.1831090e-01   3.3833431e-01   5.9752328e-01   4.1656525e-01   3.5832130e-01
   7.3697783e-01   5.7901916e-01   9.6603257e-02   9.6603257e-02   4.4715101e-01   5.5034118e-01   9.6603257e-02   6.5031718e-01   3.2261233e-01   9.6603257e-02   9.6603257e-02   9.6603257e-02   3.8373782e-01   3.9902956e-01   3.1775747e-01   6.8475278e-01   3.7097271e-01   4.2975404e-01
   4.2436326e-01   4.0484464e-01   9.6603257e-02   9.6603257e-02   5.9386819e-01   5.6320482e-01   9.6603257e-02   7.1314305e-01   9.6603257e-02   9.6603257e-02   5.4091201e-01   9.6603257e-02   3.5040469e-01   4.5155085e-01   2.7443635e-01   6.6221120e-01   3.6333438e-01   9.6603257e-02
   6.3999066e-01   4.7775010e-01   9.6603257e-02   9.6603257e-02   2.6893196e-01   4.0564932e-01   9.6603257e-02   5.8100228e-01   9.6603257e-02   9.6603257e-02   3.1925333e-01   9.6603257e-02   9.6603257e-02   2.5215459e-01   4.7577938e-01   5.6390910e-01   3.5737003e-01   2.5215459e-01
   5.4018259e-01   5.0584746e-01   1.4278429e-01   1.9500222e-01   4.2277316e-01   5.1157423e-01   9.6603257e-02   6.2799790e-01   2.5215459e-01   9.6603257e-02   5.1916235e-01   9.6603257e-02   4.4758451e-01   3.6266130e-01   7.5244242e-01   5.5992254e-01   5.1801873e-01   9.6603257e-02
   5.0770614e-01   4.2108660e-01   9.6603257e-02   4.1705621e-01   6.5669305e-01   4.0424548e-01   9.6603257e-02   5.3405436e-01   3.4444048e-01   9.6603257e-02   2.9187566e-01   9.6603257e-02   3.0780581e-01   4.5963965e-01   3.3103210e-01   5.5383408e-01   3.3989315e-01   3.2441433e-01
   6.8178449e-01   3.4990138e-01   3.5832130e-01   3.5832130e-01   5.3385052e-01   5.7627154e-01   9.6603257e-02   7.3424711e-01   3.5273798e-01   3.2331876e-01   3.4990138e-01   9.6603257e-02   5.1036809e-01   6.0475415e-01   4.1714148e-01   5.7627154e-01   4.9699248e-01   9.6603257e-02
   4.9340656e-01   3.5940469e-01   9.6603257e-02   9.6603257e-02   4.7059488e-01   3.8866909e-01   9.6603257e-02   7.0194176e-01   2.5215459e-01   1.4141409e-01   2.6532805e-01   9.6603257e-02   3.8866909e-01   3.7408835e-01   3.4990138e-01   5.5692049e-01   3.1099913e-01   9.6603257e-02
   6.1892549e-01   3.9743887e-01   1.5797081e-01   1.5775240e-01   4.4293078e-01   4.6142192e-01   9.6603257e-02   5.4936128e-01   2.3120588e-01   2.7114135e-01   3.5484707e-01   9.6603257e-02   3.8749010e-01   3.7775499e-01   2.9708730e-01   7.0001352e-01   3.4125417e-01   9.6603257e-02
   4.2921903e-01   4.0736975e-01   3.0682656e-01   9.6603257e-02   7.1522820e-01   4.3679518e-01   9.6603257e-02   6.8044711e-01   9.6603257e-02   9.6603257e-02   3.5020545e-01   9.6603257e-02   9.6603257e-02   5.2079163e-01   3.5235081e-01   4.2485806e-01   3.8075490e-01   2.7385462e-01
   5.2050860e-01   3.4990138e-01   9.6603257e-02   9.6603257e-02   4.2134418e-01   6.0510230e-01   9.6603257e-02   4.0424548e-01   3.2555538e-01   9.6603257e-02   5.2050860e-01   9.6603257e-02   4.0484464e-01   4.0126772e-01   3.5040469e-01   6.7727268e-01   3.6039289e-01   9.6603257e-02
   4.9665860e-01   3.6194556e-01   9.6603257e-02   1.5850154e-01   6.5795029e-01   5.0857909e-01   9.6603257e-02   7.1810080e-01   3.4515128e-01   9.6603257e-02   3.4515128e-01   9.6603257e-02   3.3980594e-01   5.0173956e-01   4.0028261e-01   4.7926660e-01   4.0126772e-01   3.3401248e-01
   4.5231521e-01   3.6971791e-01   9.6603257e-02   3.0986546e-01   6.9925647e-01   3.6003737e-01   9.6603257e-02   6.1209414e-01   3.0780581e-01   9.6603257e-02   3.3990812e-01   9.6603257e-02   3.4847334e-01   5.3564795e-01   3.0997673e-01   5.8370650e-01   3.1335478e-01   3.3109598e-01
   5.2628313e-01   4.0476580e-01   9.6603257e-02   9.6603257e-02   6.0329053e-01   6.8430084e-01   9.6603257e-02   6.2724336e-01   4.0658944e-01   4.3749491e-01   3.1589311e-01   9.6603257e-02   4.8179433e-01   3.6183089e-01   3.6229816e-01   6.7331642e-01   3.8522010e-01   4.3749491e-01
   6.4039754e-01   4.3032848e-01   9.6603257e-02   9.6603257e-02   5.6540787e-01   5.5516748e-01   9.6603257e-02   7.2779853e-01   3.2933126e-01   9.6603257e-02   4.5061297e-01   9.6603257e-02   3.3874112e-01   4.9992154e-01   3.2933126e-01   7.2574645e-01   4.2597037e-01   3.7018152e-01
   6.3633070e-01   5.3916085e-01   9.6603257e-02   9.6603257e-02   6.0475415e-01   4.0271561e-01   9.6603257e-02   5.8625026e-01   4.5280781e-01   9.6603257e-02   7.4829420e-01   9.6603257e-02   3.7095326e-01   3.8158807e-01   5.4959580e-01   6.3495029e-01   3.2291357e-01   5.0801102e-01
   3.8975667e-01   4.3888365e-01   9.6603257e-02   9.6603257e-02   5.6190877e-01   5.6893448e-01   9.6603257e-02   7.5350966e-01   2.5215459e-01   3.7164279e-01   3.1346950e-01   3.9766527e-01   4.6790777e-01   5.9669784e-01   3.3344019e-01   4.5893862e-01   4.5495887e-01   3.9766527e-01
   4.4515620e-01   3.8978446e-01   9.6603257e-02   2.7705045e-01   5.7081444e-01   5.2959451e-01   9.6603257e-02   6.9799029e-01   3.1673423e-01   4.9924922e-01   3.2981587e-01   9.6603257e-02   4.0723370e-01   6.3778105e-01   3.6505516e-01   6.8489924e-01   3.3373909e-01   9.6603257e-02
   5.8045490e-01   5.3405064e-01   9.6603257e-02   1.7817309e-01   5.1658284e-01   4.6854034e-01   9.6603257e-02   5.4704293e-01   4.5155085e-01   9.6603257e-02   3.5040469e-01   9.6603257e-02   9.6603257e-02   4.5908799e-01   2.5925447e-01   6.0877878e-01   3.1836996e-01   3.2555538e-01
   5.7703037e-01   4.3324828e-01   9.6603257e-02   9.6603257e-02   5.2868660e-01   6.6513491e-01   9.6603257e-02   7.4506096e-01   3.4458484e-01   5.0878567e-01   4.1540173e-01   2.9113490e-01   5.6490764e-01   4.1005069e-01   4.3910173e-01   5.5604801e-01   5.1120191e-01   9.6603257e-02
   4.6854034e-01   3.9970196e-01   9.6603257e-02   9.6603257e-02   7.4035217e-01   5.1995331e-01   9.6603257e-02   6.4831863e-01   3.8398573e-01   3.2399411e-01   5.1120191e-01   4.6058071e-01   4.1540173e-01   6.2339424e-01   3.4990138e-01   5.6039444e-01   3.2399411e-01   2.5215459e-01
   7.4315145e-01   5.3251649e-01   9.6603257e-02   9.6603257e-02   4.2785351e-01   4.3679518e-01   9.6603257e-02   4.4107339e-01   3.3373459e-01   9.6603257e-02   3.5307727e-01   9.6603257e-02   3.4688981e-01   3.5782481e-01   4.3781905e-01   7.0098062e-01   3.2943155e-01   9.6603257e-02
   6.7139853e-01   5.5897951e-01   9.6603257e-02   9.6603257e-02   4.6854034e-01   4.4383682e-01   9.6603257e-02   5.9386819e-01   9.6603257e-02   9.6603257e-02   2.7849332e-01   2.5215459e-01   3.1836996e-01   9.6603257e-02   6.7621946e-01   5.5897951e-01   3.8120538e-01   4.5908799e-01
   7.3854349e-01   6.1181289e-01   9.6603257e-02   9.6603257e-02   5.0827273e-01   3.9743248e-01   9.6603257e-02   4.9699248e-01   3.2331876e-01   9.6603257e-02   9.6603257e-02   9.6603257e-02   3.2331876e-01   3.4990138e-01   4.9699248e-01   7.3936000e-01   9.6603257e-02   9.6603257e-02
   4.9429373e-01   4.3957012e-01   9.6603257e-02   3.1251205e-01   5.7300801e-01   6.5952129e-01   9.6603257e-02   6.0475415e-01   9.6603257e-02   6.7512697e-01   9.6603257e-02   9.6603257e-02   8.4224760e-01   5.9512749e-01   4.1017644e-01   7.4350737e-01   9.6603257e-02   9.6603257e-02
   4.4079847e-01   4.9092589e-01   9.6603257e-02   9.6603257e-02   5.7118086e-01   5.3917935e-01   9.6603257e-02   7.3551955e-01   9.6603257e-02   3.5643519e-01   9.6603257e-02   9.6603257e-02   5.0731110e-01   5.1930691e-01   4.4194784e-01   6.5009862e-01   2.6349400e-01   9.6603257e-02
   4.8076610e-01   3.0419213e-01   9.6603257e-02   3.4754381e-01   5.0761581e-01   4.3882323e-01   9.6603257e-02   6.8435926e-01   3.6943250e-01   9.6603257e-02   9.6603257e-02   9.6603257e-02   4.3538834e-01   5.7518238e-01   4.0695401e-01   4.6982002e-01   3.0394878e-01   5.2628009e-01
   3.5737003e-01   4.4580870e-01   9.6603257e-02   3.5469318e-01   6.0068201e-01   5.0442141e-01   3.5469318e-01   7.2353960e-01   9.6603257e-02   9.6603257e-02   9.6603257e-02   9.6603257e-02   3.5205956e-01   4.7577938e-01   3.5737003e-01   4.8014864e-01   4.2565739e-01   3.5205956e-01
   6.0566741e-01   4.9006922e-01   9.6603257e-02   9.6603257e-02   4.1714148e-01   4.8324283e-01   9.6603257e-02   6.7787281e-01   3.3963500e-01   5.0570797e-01   3.3541481e-01   9.6603257e-02   4.7107822e-01   3.0508955e-01   5.2707158e-01   6.0597886e-01   3.7057225e-01   3.0859634e-01
   4.6266742e-01   2.7493339e-01   3.0072269e-01   2.6532805e-01   4.3095060e-01   2.8119020e-01   9.6603257e-02   5.8455166e-01   2.1389602e-01   9.6603257e-02   3.7608888e-01   9.6603257e-02   4.0841657e-01   3.8107480e-01   4.7059488e-01   6.2523558e-01   3.3142706e-01   3.1850795e-01
   5.7550515e-01   3.8006077e-01   9.6603257e-02   9.6603257e-02   4.6084509e-01   5.7722684e-01   9.6603257e-02   7.4476675e-01   4.4339275e-01   4.9301134e-01   4.8406398e-01   9.6603257e-02   4.6996084e-01   4.1667563e-01   4.1876733e-01   7.0510669e-01   3.9362169e-01   3.3401343e-01
   4.4500885e-01   3.8767947e-01   9.6603257e-02   2.8739609e-01   3.9850052e-01   5.4484570e-01   9.6603257e-02   7.2750170e-01   3.1075828e-01   4.2557538e-01   4.2416138e-01   2.9768815e-01   4.4021769e-01   4.4108985e-01   3.2669500e-01   5.5765939e-01   3.6351933e-01   3.1192427e-01
   3.9789571e-01   3.9204557e-01   9.6603257e-02   9.6603257e-02   5.7599210e-01   5.2530933e-01   9.6603257e-02   7.0591025e-01   3.5208953e-01   3.1519266e-01   3.4032883e-01   3.1519266e-01   3.2228521e-01   4.4341641e-01   3.4984845e-01   4.4849573e-01   3.7306867e-01   3.1391899e-01
   6.1133091e-01   3.5643519e-01   9.6603257e-02   9.6603257e-02   5.9201607e-01   5.3917935e-01   9.6603257e-02   6.8180870e-01   9.6603257e-02   5.3640066e-01   1.7304522e-01   9.6603257e-02   4.6053413e-01   6.5009862e-01   5.8285852e-01   7.4062696e-01   9.6603257e-02   9.6603257e-02
   3.3799224e-01   3.4454945e-01   9.6603257e-02   9.6603257e-02   7.4004647e-01   4.1446525e-01   9.6603257e-02   7.3726442e-01   4.0563409e-01   2.7831895e-01   5.1131241e-01   2.8918178e-01   3.5511503e-01   6.0419033e-01   3.4426427e-01   4.2413999e-01   3.2224371e-01   9.6603257e-02
   4.6854034e-01   4.2735658e-01   9.6603257e-02   9.6603257e-02   5.8433383e-01   4.8389397e-01   3.8413024e-01   6.6831810e-01   3.7653684e-01   9.6603257e-02   3.4050165e-01   1.4648991e-01   2.9633001e-01   3.7665455e-01   3.6333438e-01   4.7753709e-01   3.2584239e-01   3.0657214e-01
   5.2308967e-01   4.6372695e-01   9.6603257e-02   9.6603257e-02   4.6854034e-01   3.8697220e-01   9.6603257e-02   4.9824427e-01   3.5176859e-01   9.6603257e-02   6.7430334e-01   9.6603257e-02   3.9524585e-01   3.7842719e-01   3.4990138e-01   7.0465046e-01   4.8081592e-01   9.6603257e-02
   7.5669407e-01   5.9201607e-01   9.6603257e-02   5.3438840e-01   3.5205956e-01   6.3138389e-01   9.6603257e-02   7.2462075e-01   9.6603257e-02   9.6603257e-02   5.0442141e-01   9.6603257e-02   9.6603257e-02   3.5469318e-01   5.0404787e-01   6.0475415e-01   7.1164551e-01   9.6603257e-02
   3.5140076e-01   3.3611015e-01   9.6603257e-02   9.6603257e-02   6.6500745e-01   4.7969407e-01   9.6603257e-02   6.7947621e-01   2.5215459e-01   3.2052379e-01   2.9091475e-01   2.9999690e-01   4.0408272e-01   4.3422012e-01   3.0969715e-01   4.9228523e-01   3.2052379e-01   9.6603257e-02
   6.7359819e-01   4.8240965e-01   9.6603257e-02   9.6603257e-02   4.5187392e-01   5.5229415e-01   9.6603257e-02   6.4793858e-01   9.6603257e-02   3.8791101e-01   5.1759035e-01   9.6603257e-02   5.7543372e-01   4.4728433e-01   3.2369341e-01   7.2931018e-01   5.1759035e-01   5.1759035e-01
   3.9970145e-01   3.5965115e-01   9.6603257e-02   9.6603257e-02   7.3904470e-01   5.4544356e-01   9.6603257e-02   7.4183544e-01   3.8345243e-01   9.6603257e-02   3.8791101e-01   9.6603257e-02   3.1010581e-01   5.0899883e-01   4.8566424e-01   5.8766847e-01   9.6603257e-02   9.6603257e-02
   3.7716824e-01   4.0457036e-01   9.6603257e-02   9.6603257e-02   6.7453720e-01   5.4663410e-01   4.9429373e-01   7.5127389e-01   2.5215459e-01   9.6603257e-02   5.2768888e-01   9.6603257e-02   5.2768888e-01   5.5803779e-01   2.0164848e-01   5.9512749e-01   5.6335551e-01   3.1251205e-01
   4.7057249e-01   3.8902962e-01   9.6603257e-02   9.6603257e-02   6.1671775e-01   5.5396083e-01   9.6603257e-02   7.5458237e-01   3.5308961e-01   9.6603257e-02   5.3253557e-01   9.6603257e-02   3.8791101e-01   6.4900808e-01   3.8791101e-01   6.8979975e-01   4.8566424e-01   5.0167117e-01
   7.4354257e-01   5.8834104e-01   9.6603257e-02   9.6603257e-02   4.5485027e-01   3.5570895e-01   9.6603257e-02   5.8405523e-01   9.6603257e-02   9.6603257e-02   1.6457195e-01   9.6603257e-02   3.5020545e-01   3.4324203e-01   3.1345929e-01   7.3632917e-01   3.8075490e-01   9.6603257e-02
   5.9372198e-01   6.1001680e-01   9.6603257e-02   3.0379179e-01   5.3008628e-01   4.4300149e-01   9.6603257e-02   6.3224064e-01   4.2482921e-01   9.6603257e-02   4.4300149e-01   9.6603257e-02   4.8081592e-01   4.4300149e-01   4.9356540e-01   5.6410401e-01   3.8118815e-01   9.6603257e-02
   5.0194726e-01   4.1016851e-01   9.6603257e-02   3.2555538e-01   3.9527370e-01   5.8578667e-01   9.6603257e-02   7.3022783e-01   3.5040469e-01   9.6603257e-02   3.2555538e-01   9.6603257e-02   3.6039289e-01   4.9339106e-01   4.0126772e-01   5.6320482e-01   5.4091201e-01   9.6603257e-02
   4.0413235e-01   3.5273798e-01   9.6603257e-02   9.6603257e-02   5.2319641e-01   6.1127725e-01   9.6603257e-02   7.3424711e-01   9.6603257e-02   9.6603257e-02   9.6603257e-02   9.6603257e-02   4.0413235e-01   4.8303754e-01   9.6603257e-02   6.1181289e-01   5.1852000e-01   3.5920541e-01
   6.1289045e-01   5.0650268e-01   9.6603257e-02   9.6603257e-02   7.2414455e-01   5.2768888e-01   5.2768888e-01   5.4231713e-01   5.4663410e-01   9.6603257e-02   5.6335551e-01   9.6603257e-02   5.2768888e-01   3.4070044e-01   5.7300801e-01   5.7300801e-01   3.7716824e-01   9.6603257e-02
   4.6903530e-01   4.2552108e-01   2.9549329e-01   2.6145651e-01   7.2019268e-01   5.5305387e-01   9.6603257e-02   7.4034361e-01   4.1273111e-01   9.6603257e-02   2.6831577e-01   9.6603257e-02   4.2347340e-01   5.5568546e-01   3.7286744e-01   5.1270023e-01   5.3253557e-01   9.6603257e-02
   5.5752495e-01   5.1372036e-01   9.6603257e-02   3.1569916e-01   6.7210813e-01   5.0638061e-01   9.6603257e-02   6.6355261e-01   3.4594287e-01   9.6603257e-02   3.5160860e-01   9.6603257e-02   9.6603257e-02   6.0390748e-01   3.8474638e-01   7.3280992e-01   4.8423120e-01   5.6858974e-01
   4.0396840e-01   4.8999360e-01   9.6603257e-02   9.6603257e-02   7.3437675e-01   4.9056991e-01   9.6603257e-02   7.4361665e-01   5.2496831e-01   9.6603257e-02   3.4656249e-01   2.5215459e-01   3.4656249e-01   5.8398368e-01   3.4656249e-01   4.2478373e-01   4.3150562e-01   9.6603257e-02
   7.3872174e-01   6.3343428e-01   9.6603257e-02   9.6603257e-02   4.6473212e-01   5.7776622e-01   9.6603257e-02   5.7776622e-01   3.2226601e-01   3.4199812e-01   4.5416982e-01   9.6603257e-02   3.4145372e-01   3.7925168e-01   5.7320888e-01   5.9359217e-01   4.5416982e-01   3.5735479e-01
   4.5272008e-01   4.6271704e-01   9.6603257e-02   5.0214413e-01   5.4003463e-01   4.5968057e-01   9.6603257e-02   7.4865989e-01   9.6603257e-02   2.8172128e-01   3.2093275e-01   9.6603257e-02   4.1960410e-01   4.3645176e-01   2.9392596e-01   4.2942663e-01   5.8616119e-01   5.0214413e-01
   5.5383408e-01   4.0432581e-01   9.6603257e-02   9.6603257e-02   3.4990138e-01   5.3405436e-01   2.9187566e-01   7.0662617e-01   3.2441433e-01   9.6603257e-02   4.0304699e-01   9.6603257e-02   4.3014532e-01   4.1117699e-01   4.0798393e-01   6.6445673e-01   4.2309930e-01   9.6603257e-02
   5.8600852e-01   4.4332268e-01   9.6603257e-02   9.6603257e-02   4.1714148e-01   5.4437482e-01   9.6603257e-02   7.3834314e-01   2.7414038e-01   9.6603257e-02   3.2022542e-01   9.6603257e-02   3.5554578e-01   4.7015841e-01   2.8478618e-01   5.8600852e-01   5.9512749e-01   3.1289854e-01
   2.9118358e-01   3.8075490e-01   9.6603257e-02   3.5020545e-01   2.6785086e-01   4.5485027e-01   9.6603257e-02   7.3307252e-01   3.0850854e-01   3.0682656e-01   3.9343770e-01   9.6603257e-02   6.7056931e-01   4.4411378e-01   4.1205924e-01   7.1522820e-01   2.5215459e-01   2.5215459e-01
   7.1014048e-01   3.4990138e-01   9.6603257e-02   9.6603257e-02   4.5614107e-01   4.6768692e-01   9.6603257e-02   5.6385036e-01   2.9853756e-01   9.6603257e-02   2.2651739e-01   9.6603257e-02   3.4990138e-01   4.4196221e-01   2.6263954e-01   5.7638504e-01   3.8369944e-01   9.6603257e-02
   5.0660845e-01   2.7558144e-01   3.5643519e-01   3.5643519e-01   6.3125116e-01   7.1115381e-01   9.6603257e-02   7.5700338e-01   1.7304522e-01   9.6603257e-02   5.3640066e-01   9.6603257e-02   9.6603257e-02   6.4560060e-01   3.4990138e-01   5.1576989e-01   5.7803084e-01   9.6603257e-02
   5.0007214e-01   2.9197310e-01   9.6603257e-02   1.4076678e-01   4.2318056e-01   3.4887322e-01   1.4076678e-01   3.8312666e-01   4.4350642e-01   9.6603257e-02   6.6770721e-01   9.6603257e-02   2.5215459e-01   2.9281980e-01   4.6692037e-01   4.2567841e-01   5.1008261e-01   9.6603257e-02
   5.1262732e-01   4.3533945e-01   9.6603257e-02   9.6603257e-02   4.6739377e-01   5.4245503e-01   9.6603257e-02   5.9582855e-01   9.6603257e-02   9.6603257e-02   3.5643519e-01   9.6603257e-02   3.9864342e-01   3.5506447e-01   3.5506447e-01   6.5435196e-01   3.5546364e-01   9.6603257e-02
   4.5278818e-01   3.2148019e-01   9.6603257e-02   3.0484964e-01   4.8831634e-01   4.1714148e-01   9.6603257e-02   5.8957007e-01   3.3484930e-01   9.6603257e-02   3.6940359e-01   9.6603257e-02   3.3484930e-01   2.6908332e-01   4.2587836e-01   5.5396300e-01   3.4990138e-01   2.5215459e-01
   6.7052727e-01   4.7628812e-01   3.3109598e-01   9.6603257e-02   3.5986214e-01   5.0307981e-01   2.9753898e-01   7.1033851e-01   9.6603257e-02   9.6603257e-02   3.2441433e-01   9.6603257e-02   3.2688617e-01   3.4447025e-01   4.8908894e-01   6.9983233e-01   4.8497534e-01   9.6603257e-02
   7.5454607e-01   6.2599870e-01   9.6603257e-02   9.6603257e-02   4.7333872e-01   5.0585500e-01   9.6603257e-02   6.4487221e-01   3.1930068e-01   3.1930068e-01   3.8680551e-01   9.6603257e-02   4.3231402e-01   5.2715962e-01   5.8285852e-01   6.6359438e-01   5.8359697e-01   9.6603257e-02
   5.6538173e-01   4.7622671e-01   9.6603257e-02   9.6603257e-02   6.3822776e-01   4.7622671e-01   9.6603257e-02   7.3279214e-01   4.0774335e-01   9.6603257e-02   3.0086415e-01   9.6603257e-02   4.0774335e-01   7.5884925e-01   9.6603257e-02   5.2028313e-01   3.0086415e-01   9.6603257e-02
   4.2895384e-01   3.9867704e-01   9.6603257e-02   2.7349837e-01   4.4088960e-01   5.4348783e-01   9.6603257e-02   7.5091273e-01   3.1543439e-01   3.0781418e-01   3.3161251e-01   2.9107384e-01   4.0572066e-01   5.6444213e-01   3.7724745e-01   5.5245510e-01   3.9804308e-01   3.0266794e-01
   3.9933833e-01   2.5219883e-01   9.6603257e-02   2.9781665e-01   4.7650175e-01   4.5851519e-01   9.6603257e-02   5.3343775e-01   2.5215459e-01   3.7628085e-01   4.0424548e-01   9.6603257e-02   4.4461247e-01   4.5614107e-01   3.7449275e-01   6.0242690e-01   9.6603257e-02   9.6603257e-02
   4.6071465e-01   3.4990138e-01   9.6603257e-02   9.6603257e-02   3.8213935e-01   5.1139117e-01   9.6603257e-02   5.3344688e-01   2.8284787e-01   2.9549329e-01   3.9524585e-01   9.6603257e-02   3.7408835e-01   3.3872981e-01   3.2011063e-01   7.4951578e-01   3.1571386e-01   3.1504076e-01
   6.1702226e-01   5.8835757e-01   9.6603257e-02   3.3205351e-01   5.5683003e-01   3.9867704e-01   9.6603257e-02   6.7822777e-01   3.3205351e-01   9.6603257e-02   9.6603257e-02   9.6603257e-02   3.0714622e-01   4.5614107e-01   4.4906446e-01   5.3656644e-01   6.1014474e-01   3.6493483e-01
   7.1752491e-01   5.1165969e-01   9.6603257e-02   9.6603257e-02   4.7232224e-01   4.8616232e-01   9.6603257e-02   5.1165969e-01   3.3021157e-01   9.6603257e-02   3.6231737e-01   9.6603257e-02   4.7520762e-01   4.6921037e-01   5.2678312e-01   7.0669448e-01   2.5215459e-01   3.0596611e-01
   3.8709299e-01   9.6603257e-02   9.6603257e-02   9.6603257e-02   3.9652013e-01   7.5116676e-01   9.6603257e-02   6.9572665e-01   9.6603257e-02   3.4914840e-01   3.5160860e-01   9.6603257e-02   4.3679518e-01   3.5754903e-01   9.6603257e-02   4.8630903e-01   3.1569916e-01   9.6603257e-02
   4.0965180e-01   3.7979569e-01   9.6603257e-02   3.0179912e-01   3.8397818e-01   4.4566232e-01   9.6603257e-02   6.7338435e-01   9.6603257e-02   9.6603257e-02   3.0179912e-01   9.6603257e-02   3.2369341e-01   4.8231956e-01   3.5414731e-01   4.5902321e-01   3.4744707e-01   9.6603257e-02
   4.2405137e-01   3.8115073e-01   9.6603257e-02   9.6603257e-02   4.3776490e-01   4.2476237e-01   2.9719369e-01   6.2254944e-01   2.1325150e-01   9.6603257e-02   3.0249106e-01   3.2677605e-01   3.5658743e-01   3.1996259e-01   4.2855692e-01   5.3953969e-01   3.5318287e-01   2.1389602e-01
   5.7412164e-01   5.2141241e-01   9.6603257e-02   9.6603257e-02   6.2670132e-01   5.2141241e-01   9.6603257e-02   6.1133091e-01   4.8327359e-01   9.6603257e-02   4.9429373e-01   9.6603257e-02   5.4663410e-01   4.7642678e-01   6.1225717e-01   6.1270656e-01   5.2768888e-01   9.6603257e-02
   5.3910701e-01   4.0109530e-01   9.6603257e-02   9.6603257e-02   4.8514963e-01   5.4417637e-01   9.6603257e-02   6.7539963e-01   2.8489288e-01   3.1919666e-01   4.1441934e-01   4.3385113e-01   4.0207283e-01   3.8449546e-01   5.0126759e-01   6.6858610e-01   3.9232288e-01   3.0834826e-01
   5.8273570e-01   4.5875874e-01   2.1214474e-01   2.1214474e-01   3.3820568e-01   5.0914633e-01   9.6603257e-02   5.0904816e-01   1.7070852e-01   9.6603257e-02   9.6603257e-02   2.1214474e-01   3.5469318e-01   2.6893196e-01   3.0490131e-01   7.0197486e-01   3.5469318e-01   3.1925333e-01
   6.4852914e-01   3.8866909e-01   9.6603257e-02   9.6603257e-02   5.9086188e-01   6.2157281e-01   9.6603257e-02   5.4931016e-01   3.6788356e-01   9.6603257e-02   5.4939813e-01   9.6603257e-02   4.7074145e-01   4.7265149e-01   4.0556798e-01   7.3682227e-01   3.9187241e-01   3.2677605e-01
   5.0570797e-01   4.8919678e-01   3.4515128e-01   9.6603257e-02   3.8866909e-01   5.8239093e-01   9.6603257e-02   6.9826600e-01   5.5666866e-01   9.6603257e-02   4.0126772e-01   9.6603257e-02   5.8578667e-01   4.6477647e-01   4.7483015e-01   6.2942775e-01   5.3701243e-01   9.6603257e-02
   4.3271095e-01   4.3271095e-01   9.6603257e-02   9.6603257e-02   6.5009862e-01   4.5388641e-01   9.6603257e-02   6.8771503e-01   3.4914840e-01   9.6603257e-02   3.1569916e-01   9.6603257e-02   9.6603257e-02   3.0854710e-01   4.4907430e-01   4.2273383e-01   3.1569916e-01   9.6603257e-02
   5.1712105e-01   4.0091018e-01   1.4937671e-01   1.8256753e-01   6.0610772e-01   4.9491701e-01   9.6603257e-02   7.2112357e-01   3.4545818e-01   9.6603257e-02   3.7027392e-01   2.6205430e-01   4.7389361e-01   4.2457695e-01   4.5683795e-01   5.1185304e-01   4.4603454e-01   2.5215459e-01
   6.1317793e-01   4.8290754e-01   9.6603257e-02   2.9075949e-01   2.7885411e-01   3.6770234e-01   9.6603257e-02   5.0194726e-01   2.9075949e-01   9.6603257e-02   4.1075267e-01   3.0144695e-01   3.7438974e-01   3.8369944e-01   4.1714148e-01   7.0955351e-01   3.4515128e-01   9.6603257e-02
   5.1372036e-01   3.4594287e-01   9.6603257e-02   9.6603257e-02   4.1478407e-01   6.7703397e-01   9.6603257e-02   5.0520486e-01   9.6603257e-02   4.9909687e-01   4.3679518e-01   2.5215459e-01   6.3125116e-01   9.6603257e-02   2.5215459e-01   7.4423517e-01   3.8522010e-01   3.5160860e-01
   4.9986150e-01   4.7239532e-01   9.6603257e-02   9.6603257e-02   3.3486509e-01   4.8556426e-01   9.6603257e-02   7.3444331e-01   3.9622682e-01   9.6603257e-02   3.4990138e-01   3.4172040e-01   3.0296425e-01   3.3021157e-01   3.5790740e-01   4.2143597e-01   4.2884546e-01   9.6603257e-02
   5.6743939e-01   4.9909687e-01   9.6603257e-02   3.4914840e-01   4.6854034e-01   5.1768670e-01   9.6603257e-02   6.7029595e-01   9.6603257e-02   9.6603257e-02   4.2273383e-01   9.6603257e-02   4.4907430e-01   4.9909687e-01   4.3679518e-01   7.3199099e-01   3.4914840e-01   9.6603257e-02
   4.2587836e-01   4.7389361e-01   9.6603257e-02   9.6603257e-02   4.2587836e-01   3.4990138e-01   3.3508329e-01   6.9971760e-01   9.6603257e-02   3.3508329e-01   5.1677281e-01   9.6603257e-02   2.7466604e-01   4.4036173e-01   4.4036173e-01   3.4990138e-01   4.0774335e-01   9.6603257e-02
   6.4959531e-01   6.8651672e-01   9.6603257e-02   9.6603257e-02   4.8305057e-01   6.0475415e-01   9.6603257e-02   6.2362339e-01   9.6603257e-02   9.6603257e-02   5.4091201e-01   9.6603257e-02   3.2555538e-01   5.4467862e-01   5.2785200e-01   7.5380413e-01   4.1016851e-01   9.6603257e-02
   5.0000000e-01   3.8127411e-01   9.6603257e-02   9.6603257e-02   3.0579094e-01   6.1670934e-01   9.6603257e-02   7.0040422e-01   9.6603257e-02   3.4562606e-01   3.1916988e-01   2.7511190e-01   4.8924315e-01   3.9781695e-01   3.4372547e-01   7.3223044e-01   3.5028932e-01   9.6603257e-02
   3.9524585e-01   3.4707340e-01   9.6603257e-02   5.6589282e-01   6.7970408e-01   5.4831902e-01   9.6603257e-02   5.5592258e-01   5.2920490e-01   9.6603257e-02   3.5020545e-01   9.6603257e-02   5.2920490e-01   5.2669047e-01   3.1405982e-01   5.8405523e-01   3.4324203e-01   9.6603257e-02
   4.7838867e-01   4.2948991e-01   9.6603257e-02   2.5215459e-01   4.8630903e-01   4.0659915e-01   9.6603257e-02   6.2501489e-01   3.2022542e-01   9.6603257e-02   5.1157423e-01   9.6603257e-02   2.9467947e-01   4.0424548e-01   3.3388776e-01   6.1170726e-01   3.3865133e-01   3.7211069e-01
   6.6096936e-01   3.3175847e-01   9.6603257e-02   9.6603257e-02   3.7200210e-01   4.7265149e-01   3.6888791e-01   5.3236269e-01   9.6603257e-02   9.6603257e-02   3.6788356e-01   9.6603257e-02   4.0225184e-01   3.2677605e-01   3.8026896e-01   6.4366904e-01   3.8369944e-01   9.6603257e-02
   5.9364288e-01   3.5469318e-01   9.6603257e-02   9.6603257e-02   4.8014864e-01   7.5907895e-01   9.6603257e-02   7.4432497e-01   9.6603257e-02   9.6603257e-02   3.1925333e-01   9.6603257e-02   5.0442141e-01   5.0442141e-01   3.1925333e-01   7.4442221e-01   5.3438840e-01   9.6603257e-02
   6.0491274e-01   4.2587836e-01   9.6603257e-02   5.1845358e-01   3.9497519e-01   4.7167134e-01   3.3739217e-01   7.1685629e-01   9.6603257e-02   9.6603257e-02   3.2517879e-01   9.6603257e-02   3.6644713e-01   3.8413024e-01   4.5084549e-01   5.1330166e-01   4.6860029e-01   3.3739217e-01
   6.1890131e-01   5.5433768e-01   9.6603257e-02   3.0969715e-01   5.1550420e-01   5.1550420e-01   9.6603257e-02   6.7833764e-01   3.0969715e-01   9.6603257e-02   9.6603257e-02   3.0969715e-01   4.0396840e-01   5.4752559e-01   3.7058736e-01   7.3188614e-01   5.2496831e-01   9.6603257e-02
   6.9582119e-01   5.2599685e-01   9.6603257e-02   9.6603257e-02   4.1570836e-01   4.1775534e-01   9.6603257e-02   5.4362810e-01   2.9435390e-01   9.6603257e-02   4.0563409e-01   2.9435390e-01   3.3459217e-01   4.0064538e-01   4.8949807e-01   6.4757747e-01   3.8842173e-01   3.2199289e-01
   5.3956088e-01   2.6222214e-01   9.6603257e-02   2.5215459e-01   4.2374061e-01   3.6802431e-01   9.6603257e-02   7.1702728e-01   2.6433867e-01   9.6603257e-02   3.4319680e-01   5.1327158e-01   3.5832130e-01   4.9291903e-01   4.6854034e-01   4.5904021e-01   4.5455644e-01   9.6603257e-02
   6.0026077e-01   5.4257570e-01   9.6603257e-02   2.9009873e-01   7.0542834e-01   4.7343805e-01   9.6603257e-02   5.7920691e-01   3.4622689e-01   3.4953635e-01   2.9009873e-01   3.2941984e-01   3.4953635e-01   4.8100719e-01   4.5716446e-01   5.4385893e-01   4.4070008e-01   2.5215459e-01
   7.0465046e-01   5.3008628e-01   9.6603257e-02   3.3867706e-01   5.1562148e-01   4.9487119e-01   9.6603257e-02   6.1968678e-01   3.3867706e-01   9.6603257e-02   2.7495384e-01   9.6603257e-02   9.6603257e-02   4.1540173e-01   3.9524585e-01   6.9586088e-01   3.9187241e-01   3.0379179e-01
   7.3408494e-01   6.7571147e-01   9.6603257e-02   3.4656249e-01   5.8938114e-01   4.0396840e-01   9.6603257e-02   5.2639745e-01   3.3611015e-01   9.6603257e-02   9.6603257e-02   9.6603257e-02   3.7628085e-01   5.5153742e-01   5.3145966e-01   6.4413263e-01   5.4752559e-01   3.4656249e-01
   4.9089423e-01   3.5302500e-01   9.6603257e-02   9.6603257e-02   4.8432027e-01   5.1325098e-01   2.8168502e-01   7.1863848e-01   3.0893558e-01   2.8168502e-01   3.0940712e-01   2.7307243e-01   4.3862692e-01   4.3828181e-01   3.7092587e-01   6.2888515e-01   3.5869323e-01   2.7307243e-01
   5.6174219e-01   4.5807575e-01   9.6603257e-02   9.6603257e-02   5.1694943e-01   5.8861671e-01   1.4754305e-01   7.4714595e-01   3.8520176e-01   9.6603257e-02   2.5446894e-01   9.6603257e-02   4.0940112e-01   3.7421644e-01   4.1447537e-01   6.0197402e-01   5.1547157e-01   3.3299458e-01
   6.6840949e-01   5.5343090e-01   9.6603257e-02   2.9403483e-01   5.7237006e-01   4.0822398e-01   9.6603257e-02   4.7466705e-01   3.3281640e-01   9.6603257e-02   3.3851039e-01   9.6603257e-02   3.1925333e-01   4.7142944e-01   4.2958362e-01   5.8394450e-01   5.1105609e-01   9.6603257e-02
   5.3724622e-01   4.3957012e-01   9.6603257e-02   9.6603257e-02   5.5348560e-01   5.7412164e-01   9.6603257e-02   6.7687681e-01   3.4889100e-01   3.1251205e-01   2.5215459e-01   9.6603257e-02   4.6854034e-01   5.7058286e-01   3.1251205e-01   5.1257044e-01   4.9429373e-01   3.1251205e-01
   5.4893837e-01   4.8587344e-01   2.5215459e-01   2.4875114e-01   3.7236120e-01   4.4435935e-01   9.6603257e-02   6.3077180e-01   3.0842122e-01   9.6603257e-02   3.8032366e-01   1.8369233e-01   4.6146282e-01   3.1569916e-01   4.0224034e-01   5.4295672e-01   4.6146282e-01   9.6603257e-02
   6.1584900e-01   3.2563494e-01   2.7400686e-01   2.6313452e-01   5.6320482e-01   7.0274078e-01   9.6603257e-02   7.4225021e-01   3.1741298e-01   9.6603257e-02   3.1010581e-01   9.6603257e-02   5.3253557e-01   3.8902962e-01   4.6176470e-01   6.1133091e-01   5.3253557e-01   3.5787296e-01
   3.8866909e-01   4.0268743e-01   9.6603257e-02   9.6603257e-02   6.1184128e-01   4.0268743e-01   9.6603257e-02   7.4028234e-01   3.5763358e-01   9.6603257e-02   3.3867706e-01   9.6603257e-02   3.3867706e-01   6.1780947e-01   3.4990138e-01   5.7324544e-01   3.9187241e-01   3.6788356e-01
   3.8629627e-01   3.8810606e-01   9.6603257e-02   9.6603257e-02   4.8601448e-01   3.0490131e-01   9.6603257e-02   5.6039783e-01   3.5373019e-01   9.6603257e-02   3.1925333e-01   9.6603257e-02   3.0123569e-01   4.1092897e-01   3.9362204e-01   4.3527067e-01   5.3438840e-01   9.6603257e-02
   6.8968807e-01   5.2529367e-01   1.2916557e-01   1.2528708e-01   4.0463868e-01   3.7279211e-01   9.6603257e-02   4.5906728e-01   2.9142999e-01   9.6603257e-02   3.2057689e-01   9.6603257e-02   3.4226009e-01   3.7759638e-01   2.9806999e-01   6.6317615e-01   2.7956287e-01   2.7333236e-01
   3.8522010e-01   4.6146282e-01   9.6603257e-02   9.6603257e-02   4.7029105e-01   5.3867692e-01   9.6603257e-02   7.9339049e-01   9.6603257e-02   9.6603257e-02   5.3082395e-01   9.6603257e-02   5.3875290e-01   6.3580064e-01   9.6603257e-02   5.6743939e-01   3.0842122e-01   9.6603257e-02
   6.3012763e-01   4.9556665e-01   9.6603257e-02   1.9108755e-01   5.0013850e-01   5.2009913e-01   9.6603257e-02   7.4062596e-01   4.0141972e-01   9.6603257e-02   3.5308961e-01   1.4076678e-01   3.2580066e-01   3.7918982e-01   3.6889691e-01   4.2042054e-01   6.3643302e-01   5.1008261e-01
   7.2794374e-01   5.6644081e-01   9.6603257e-02   3.5160860e-01   5.9537321e-01   6.1133091e-01   9.6603257e-02   6.5547536e-01   4.8423120e-01   9.6603257e-02   2.7392745e-01   9.6603257e-02   3.8049249e-01   3.5160860e-01   4.1714148e-01   4.7210462e-01   3.5160860e-01   9.6603257e-02
   4.5141037e-01   3.5132429e-01   2.9512460e-01   1.7095005e-01   5.0258939e-01   6.1048596e-01   3.8626137e-01   7.4354585e-01   2.7109137e-01   9.6603257e-02   3.0399685e-01   9.6603257e-02   4.3794710e-01   4.0129426e-01   3.6427699e-01   6.1049132e-01   3.8001126e-01   3.1688321e-01
   5.4620753e-01   4.5732508e-01   9.6603257e-02   3.2787758e-01   5.3821429e-01   4.2794851e-01   9.6603257e-02   7.3311010e-01   3.2041508e-01   2.7851558e-01   3.2041508e-01   9.6603257e-02   4.1020698e-01   6.8667290e-01   3.6194556e-01   5.9926543e-01   3.7438974e-01   3.1186064e-01
   7.7942926e-01   5.8380459e-01   9.6603257e-02   9.6603257e-02   3.1391297e-01   3.9620975e-01   9.6603257e-02   4.7382201e-01   2.8656952e-01   9.6603257e-02   1.5839758e-01   9.6603257e-02   3.4234268e-01   4.2942146e-01   4.4762441e-01   6.8805365e-01   3.3301768e-01   4.3242357e-01
   6.2865370e-01   5.1473390e-01   9.6603257e-02   9.6603257e-02   6.1900606e-01   6.6352590e-01   9.6603257e-02   6.5830370e-01   2.7475221e-01   9.6603257e-02   4.2063368e-01   9.6603257e-02   5.4629250e-01   3.8791101e-01   4.7870043e-01   6.4585269e-01   5.7149650e-01   9.6603257e-02
   6.2192716e-01   6.3125116e-01   9.6603257e-02   9.6603257e-02   6.2150526e-01   9.6603257e-02   9.6603257e-02   5.3385052e-01   5.3855835e-01   9.6603257e-02   9.6603257e-02   9.6603257e-02   4.0413235e-01   6.4799473e-01   4.3538834e-01   4.3538834e-01   3.9743248e-01   9.6603257e-02
   5.1395860e-01   4.8389397e-01   9.6603257e-02   9.6603257e-02   7.2636679e-01   5.1832946e-01   9.6603257e-02   6.6180114e-01   5.2372487e-01   9.6603257e-02   3.0839556e-01   9.6603257e-02   9.6603257e-02   5.1395860e-01   3.0839556e-01   6.3504023e-01   5.2372487e-01   4.8009360e-01
   5.6212293e-01   3.6820676e-01   1.9334331e-01   1.9334331e-01   4.1714148e-01   6.2791160e-01   9.6603257e-02   4.0424548e-01   2.5640166e-01   9.6603257e-02   5.4091201e-01   9.6603257e-02   5.8578667e-01   4.4102049e-01   5.8578667e-01   6.2791160e-01   1.9334331e-01   2.1427684e-01
   5.4437482e-01   4.1217643e-01   9.6603257e-02   3.2022542e-01   6.5671302e-01   7.1426611e-01   9.6603257e-02   6.3561713e-01   3.2022542e-01   9.6603257e-02   4.5837558e-01   9.6603257e-02   3.7438974e-01   4.6990319e-01   4.1017644e-01   5.3710389e-01   5.7633115e-01   3.2787758e-01
   4.7395069e-01   4.0424548e-01   9.6603257e-02   9.6603257e-02   6.0897173e-01   3.0756119e-01   9.6603257e-02   7.0663753e-01   3.9743248e-01   9.6603257e-02   3.5832130e-01   9.6603257e-02   9.6603257e-02   5.6036377e-01   3.9874354e-01   6.1109298e-01   5.3855835e-01   3.5832130e-01
   5.8436162e-01   5.6375813e-01   9.6603257e-02   9.6603257e-02   4.4603917e-01   4.2063368e-01   9.6603257e-02   5.7149650e-01   3.1741298e-01   9.6603257e-02   3.0608918e-01   3.5308961e-01   3.4887322e-01   2.7680920e-01   4.2063368e-01   6.1208899e-01   5.0167117e-01   9.6603257e-02
   2.8653014e-01   2.5216861e-01   9.6603257e-02   9.6603257e-02   3.3473616e-01   6.5009862e-01   9.6603257e-02   7.4423386e-01   3.0839556e-01   5.2372487e-01   3.0351094e-01   9.6603257e-02   4.1714148e-01   3.5619182e-01   2.5215459e-01   5.6433615e-01   4.5155085e-01   9.6603257e-02
   5.8915550e-01   3.9634349e-01   9.6603257e-02   3.0329606e-01   6.2684060e-01   5.2056997e-01   9.6603257e-02   5.6596591e-01   3.4644406e-01   9.6603257e-02   3.6267244e-01   9.6603257e-02   4.4600980e-01   4.4861209e-01   3.8422579e-01   7.4023901e-01   3.2096971e-01   9.6603257e-02
   5.1554333e-01   3.7554878e-01   9.6603257e-02   9.6603257e-02   6.3003495e-01   3.8866909e-01   9.6603257e-02   7.2132588e-01   2.5215459e-01   9.6603257e-02   3.9638668e-01   9.6603257e-02   3.9524585e-01   5.1450817e-01   2.5215459e-01   3.9497519e-01   4.6128313e-01   9.6603257e-02
   3.4990138e-01   3.5914984e-01   9.6603257e-02   3.0714622e-01   5.2143266e-01   4.2379857e-01   9.6603257e-02   7.0543161e-01   3.5914984e-01   9.6603257e-02   3.4338292e-01   9.6603257e-02   3.3205351e-01   5.6454977e-01   3.0714622e-01   4.7894847e-01   3.3205351e-01   3.4338292e-01
   6.5325360e-01   4.8090363e-01   9.6603257e-02   1.6853815e-01   4.3624187e-01   4.5455644e-01   9.6603257e-02   4.8756004e-01   2.7400686e-01   9.6603257e-02   3.1010581e-01   9.6603257e-02   2.7400686e-01   3.1823697e-01   3.2563494e-01   5.0007214e-01   3.7097271e-01   9.6603257e-02
   4.8068303e-01   3.6940359e-01   9.6603257e-02   9.6603257e-02   4.8616232e-01   4.6854034e-01   9.6603257e-02   6.9516175e-01   9.6603257e-02   9.6603257e-02   3.3502493e-01   1.8925570e-01   4.3567934e-01   5.0667317e-01   3.3789572e-01   5.1501401e-01   9.6603257e-02   2.9816462e-01
   4.6171484e-01   3.6874884e-01   9.6603257e-02   3.5743577e-01   4.8919022e-01   3.4990138e-01   9.6603257e-02   6.1410196e-01   3.4050458e-01   9.6603257e-02   2.7076496e-01   9.6603257e-02   3.7147208e-01   3.0819336e-01   4.0704282e-01   4.8718417e-01   3.3503939e-01   9.6603257e-02
   7.2020207e-01   5.1425530e-01   9.6603257e-02   3.2228521e-01   5.4931016e-01   4.5082584e-01   9.6603257e-02   6.4012303e-01   3.3508329e-01   9.6603257e-02   3.8608809e-01   9.6603257e-02   3.0086415e-01   5.5776131e-01   4.2934514e-01   7.3273345e-01   5.2999100e-01   3.0086415e-01
   4.6618598e-01   4.2587836e-01   9.6603257e-02   9.6603257e-02   3.8866909e-01   4.8167054e-01   9.6603257e-02   6.9029782e-01   9.6603257e-02   9.6603257e-02   9.6603257e-02   9.6603257e-02   3.3401248e-01   3.8866909e-01   3.6770234e-01   5.1080322e-01   9.6603257e-02   9.6603257e-02
   6.7624804e-01   6.3828751e-01   9.6603257e-02   9.6603257e-02   4.5379247e-01   5.0532246e-01   9.6603257e-02   5.2050860e-01   3.5040469e-01   9.6603257e-02   9.6603257e-02   9.6603257e-02   4.0484464e-01   3.4990138e-01   4.0484464e-01   6.7899023e-01   9.6603257e-02   9.6603257e-02
   5.3078963e-01   3.4990138e-01   9.6603257e-02   3.4172040e-01   4.1741500e-01   5.4655983e-01   9.6603257e-02   5.8844121e-01   3.4172040e-01   9.6603257e-02   4.8423490e-01   9.6603257e-02   3.9622682e-01   4.0424548e-01   4.1060845e-01   7.0411204e-01   4.8423490e-01   3.0596611e-01
   6.2766849e-01   4.5068984e-01   9.6603257e-02   9.6603257e-02   5.7149650e-01   4.7057249e-01   9.6603257e-02   6.7902117e-01   5.3253557e-01   9.6603257e-02   9.6603257e-02   9.6603257e-02   3.5308961e-01   5.6320482e-01   3.8902962e-01   7.3424711e-01   5.7149650e-01   9.6603257e-02
   5.2948591e-01   3.7438974e-01   9.6603257e-02   3.6194556e-01   4.6298757e-01   6.1288248e-01   9.6603257e-02   7.3971636e-01   3.5040469e-01   9.6603257e-02   3.7438974e-01   9.6603257e-02   3.3401248e-01   3.3963500e-01   4.1969754e-01   4.8919678e-01   5.2372487e-01   9.6603257e-02
   4.9589098e-01   4.5669884e-01   9.6603257e-02   9.6603257e-02   6.4230548e-01   3.6549639e-01   9.6603257e-02   6.8096849e-01   3.2674479e-01   9.6603257e-02   2.9912439e-01   9.6603257e-02   2.9912439e-01   6.6555572e-01   3.9944111e-01   4.6503095e-01   5.1526297e-01   9.6603257e-02
   7.4472674e-01   6.7550651e-01   9.6603257e-02   9.6603257e-02   4.2659861e-01   4.5461191e-01   9.6603257e-02   5.8285852e-01   3.5832130e-01   9.6603257e-02   3.1604014e-01   3.1604014e-01   3.3023257e-01   3.5832130e-01   5.6320482e-01   5.6320482e-01   5.1036809e-01   3.4292727e-01
   6.4987042e-01   4.1005069e-01   9.6603257e-02   3.3620809e-01   4.9938259e-01   5.5229415e-01   9.6603257e-02   6.5267061e-01   3.3620809e-01   9.6603257e-02   4.6655312e-01   9.6603257e-02   4.7768406e-01   4.3446093e-01   4.7870043e-01   6.7667908e-01   5.9512749e-01   3.0179912e-01
   4.8913731e-01   3.9497519e-01   9.6603257e-02   9.6603257e-02   6.2560022e-01   4.9208812e-01   9.6603257e-02   6.6975855e-01   2.6785444e-01   9.6603257e-02   9.6603257e-02   9.6603257e-02   1.6101671e-01   5.6248251e-01   4.0695401e-01   3.6805730e-01   9.6603257e-02   9.6603257e-02
   4.4280246e-01   3.7024629e-01   2.6474583e-01   2.5238380e-01   5.1367341e-01   4.4668316e-01   9.6603257e-02   5.2855615e-01   2.6474583e-01   9.6603257e-02   2.6129796e-01   2.6474583e-01   5.1788276e-01   4.5614107e-01   3.8707389e-01   5.4613872e-01   5.2253978e-01   9.6603257e-02
   7.0765438e-01   4.7460093e-01   9.6603257e-02   3.2362634e-01   5.5693790e-01   5.2628009e-01   9.6603257e-02   4.9542728e-01   3.4336422e-01   9.6603257e-02   3.3833431e-01   9.6603257e-02   2.8867382e-01   3.8330191e-01   4.4332268e-01   6.3289974e-01   3.2143083e-01   3.2362634e-01
   5.1372036e-01   3.1345929e-01   9.6603257e-02   9.6603257e-02   6.1630056e-01   4.2273383e-01   9.6603257e-02   7.0810213e-01   3.4594287e-01   9.6603257e-02   9.6603257e-02   9.6603257e-02   3.1569916e-01   4.6222746e-01   4.2393986e-01   4.5756728e-01   5.3082395e-01   9.6603257e-02
   7.1747333e-01   5.8401977e-01   9.6603257e-02   3.3299458e-01   3.7421644e-01   3.3299458e-01   9.6603257e-02   7.1773095e-01   3.1962010e-01   9.6603257e-02   3.1962010e-01   9.6603257e-02   9.6603257e-02   4.3137438e-01   5.3320475e-01   3.6549639e-01   7.2283163e-01   3.3299458e-01
   3.9934624e-01   2.9545623e-01   9.6603257e-02   9.6603257e-02   4.7477719e-01   5.0997114e-01   9.6603257e-02   6.7938851e-01   9.6603257e-02   2.8440002e-01   3.1719878e-01   9.6603257e-02   4.9827253e-01   4.0000514e-01   5.0392807e-01   5.4795786e-01   3.0431368e-01   2.9767223e-01
   3.3332876e-01   3.1345929e-01   9.6603257e-02   3.4656249e-01   4.9144323e-01   6.0089764e-01   3.0969715e-01   6.2154329e-01   3.0969715e-01   9.6603257e-02   2.9781665e-01   9.6603257e-02   5.2496831e-01   3.4139755e-01   2.9781665e-01   6.6824254e-01   3.0969715e-01   3.0969715e-01
   7.4505317e-01   5.5433768e-01   9.6603257e-02   9.6603257e-02   3.5148455e-01   4.3150562e-01   9.6603257e-02   4.7650175e-01   9.6603257e-02   9.6603257e-02   2.5215459e-01   9.6603257e-02   3.3611015e-01   2.5215459e-01   5.2031913e-01   6.7244003e-01   3.4656249e-01   9.6603257e-02
   7.2414468e-01   4.5244794e-01   9.6603257e-02   1.3762623e-01   4.5277962e-01   5.9529935e-01   9.6603257e-02   6.0883988e-01   3.5328247e-01   4.9905254e-01   4.2358038e-01   9.6603257e-02   3.8522010e-01   3.2488285e-01   4.9326752e-01   7.3897183e-01   4.5818617e-01   4.9905254e-01
   4.9950986e-01   5.6858974e-01   5.3082395e-01   9.6603257e-02   7.4582765e-01   6.1133091e-01   9.6603257e-02   6.5009862e-01   9.6603257e-02   9.6603257e-02   3.8522010e-01   9.6603257e-02   3.1569916e-01   5.2450722e-01   4.4435935e-01   5.3875290e-01   4.6146282e-01   9.6603257e-02
   6.8098090e-01   3.4125011e-01   9.6603257e-02   1.6469975e-01   2.8685695e-01   3.1037220e-01   9.6603257e-02   5.1433576e-01   2.9330552e-01   3.0148050e-01   3.1733215e-01   9.6603257e-02   2.9178633e-01   2.9342374e-01   3.1869985e-01   5.2281622e-01   3.1836996e-01   3.6039289e-01
   5.8343475e-01   2.7430343e-01   9.6603257e-02   9.6603257e-02   4.9463880e-01   5.7340139e-01   9.6603257e-02   6.5707273e-01   2.7430343e-01   9.6603257e-02   5.6036377e-01   9.6603257e-02   4.5947206e-01   5.5514427e-01   4.4915337e-01   7.2832457e-01   4.6969570e-01   9.6603257e-02
   4.4231270e-01   3.9874354e-01   9.6603257e-02   9.6603257e-02   5.8343475e-01   3.5920541e-01   9.6603257e-02   7.2417151e-01   9.6603257e-02   9.6603257e-02   9.6603257e-02   9.6603257e-02   3.2331876e-01   6.2150526e-01   3.5920541e-01   4.8035471e-01   3.5920541e-01   9.6603257e-02
   3.8276461e-01   3.5020545e-01   9.6603257e-02   3.5020545e-01   6.3561713e-01   5.0322449e-01   9.6603257e-02   7.9593083e-01   9.6603257e-02   9.6603257e-02   2.5215459e-01   9.6603257e-02   3.0026191e-01   5.0629286e-01   3.1405982e-01   4.4317063e-01   5.9865383e-01   9.6603257e-02
   6.7733980e-01   4.9002592e-01   2.6145651e-01   2.6145651e-01   6.4322429e-01   5.8285852e-01   9.6603257e-02   6.3355321e-01   2.9155330e-01   9.6603257e-02   9.6603257e-02   9.6603257e-02   4.4209857e-01   4.6875522e-01   3.2700559e-01   5.5086897e-01   3.2700559e-01   2.7714425e-01
   5.0275562e-01   4.1943843e-01   9.6603257e-02   9.6603257e-02   5.5433768e-01   4.8630820e-01   9.6603257e-02   7.3464941e-01   5.1490844e-01   9.6603257e-02   2.8094752e-01   9.6603257e-02   3.4237415e-01   5.7271964e-01   3.1353259e-01   6.4797851e-01   5.4410688e-01   3.4975668e-01
   7.2556042e-01   4.5370750e-01   9.6603257e-02   2.8284787e-01   4.1800847e-01   6.5239642e-01   9.6603257e-02   7.3740281e-01   9.6603257e-02   5.0286955e-01   2.7952026e-01   9.6603257e-02   3.6066374e-01   3.4277714e-01   3.5964548e-01   7.3784899e-01   4.4193482e-01   3.0200601e-01
   3.6039289e-01   9.6603257e-02   9.6603257e-02   9.6603257e-02   6.3960711e-01   5.4091201e-01   9.6603257e-02   7.4520358e-01   9.6603257e-02   9.6603257e-02   3.2272732e-01   9.6603257e-02   3.7208840e-01   4.6850782e-01   3.7208840e-01   5.0532246e-01   2.5215459e-01   3.2555538e-01
   6.3245391e-01   5.2505975e-01   2.7305200e-01   9.6603257e-02   5.4146055e-01   6.2664925e-01   9.6603257e-02   7.2683050e-01   3.7594473e-01   2.8263353e-01   3.3175286e-01   2.8656952e-01   5.0000000e-01   4.3231402e-01   5.5386735e-01   6.2664925e-01   4.7884154e-01   3.1930068e-01
   5.2245598e-01   3.9524585e-01   9.6603257e-02   3.4015451e-01   3.1792392e-01   5.1218055e-01   3.0484964e-01   6.3922386e-01   2.3247238e-01   9.6603257e-02   2.6048966e-01   2.5215459e-01   3.0484964e-01   4.4566232e-01   3.3484930e-01   4.9732153e-01   3.6940359e-01   9.6603257e-02
   5.6226107e-01   4.7444955e-01   9.6603257e-02   9.6603257e-02   5.0072998e-01   4.7969407e-01   9.6603257e-02   6.2911034e-01   3.2204202e-01   9.6603257e-02   3.9849465e-01   9.6603257e-02   3.7058736e-01   4.9967126e-01   4.2323998e-01   6.3657312e-01   4.8421348e-01   3.4656249e-01
   4.7519241e-01   4.2376515e-01   9.6603257e-02   9.6603257e-02   6.2664925e-01   3.9124973e-01   9.6603257e-02   7.1158030e-01   2.9341542e-01   2.9341542e-01   3.8107480e-01   9.6603257e-02   3.7081361e-01   5.6775429e-01   3.7081361e-01   4.5068984e-01   3.3609536e-01   9.6603257e-02
   6.0530373e-01   5.1036809e-01   9.6603257e-02   9.6603257e-02   4.9516996e-01   6.3762631e-01   9.6603257e-02   7.7843863e-01   3.5832130e-01   9.6603257e-02   9.6603257e-02   3.1604014e-01   6.0587222e-01   4.6969570e-01   6.1133091e-01   6.7726618e-01   6.0530373e-01   9.6603257e-02
