   4.6981597e-01   4.6609044e-01   3.0055010e-01   3.2988933e-01   5.7122431e-01   3.3119150e-01   9.6603257e-02   6.1896694e-01   3.4775153e-01   2.7300184e-01   3.1426273e-01   3.0363111e-01   3.3262676e-01   5.2512441e-01   4.4415476e-01   4.1450711e-01   3.3603502e-01   3.0076905e-01
   3.9707490e-01   5.4231713e-01   4.7465950e-01   5.4169915e-01   7.2494614e-01   3.3969802e-01   9.6603257e-02   6.0324052e-01   4.3754158e-01   9.6603257e-02   1.5775240e-01   3.9312117e-01   3.1667989e-01   5.5540551e-01   4.0149254e-01   3.3924960e-01   3.6217676e-01   3.4161842e-01
   2.9633747e-01   3.3024145e-01   3.6711092e-01   4.0129560e-01   4.9771294e-01   3.2860044e-01   3.2516180e-01   6.7576721e-01   3.3373909e-01   9.6603257e-02   2.9224661e-01   3.6711092e-01   2.9224661e-01   4.3679518e-01   3.3535680e-01   4.4956548e-01   4.4561382e-01   2.9224661e-01
   5.0194726e-01   3.8404874e-01   2.8697060e-01   3.0839556e-01   8.2180818e-01   4.3133943e-01   9.6603257e-02   4.9861776e-01   3.9464677e-01   9.6603257e-02   2.5215459e-01   5.0570797e-01   9.6603257e-02   6.4691629e-01   3.2319521e-01   3.5099192e-01   3.1969019e-01   2.8697060e-01
   4.5904021e-01   4.6960982e-01   3.2497346e-01   3.6426491e-01   6.9573801e-01   4.6908035e-01   9.6603257e-02   6.6474823e-01   4.0381374e-01   9.6603257e-02   3.4097383e-01   2.9298034e-01   3.1976249e-01   4.6107923e-01   3.6920549e-01   4.3424369e-01   3.2279670e-01   3.0807472e-01
   4.5471759e-01   4.1538914e-01   2.9469804e-01   3.4032883e-01   5.7334296e-01   2.7946858e-01   9.6603257e-02   7.1963802e-01   3.1625719e-01   9.6603257e-02   2.5215459e-01   3.1178034e-01   3.1178034e-01   5.5299131e-01   3.2943155e-01   5.0931515e-01   3.4800795e-01   3.1178034e-01
   4.5441585e-01   4.3475861e-01   9.6603257e-02   5.0398992e-01   6.1462328e-01   4.1622985e-01   9.6603257e-02   7.4577204e-01   5.3226831e-01   3.2009236e-01   3.0904581e-01   3.2009236e-01   3.3503939e-01   6.0930614e-01   4.3433305e-01   3.4431798e-01   5.0398992e-01   9.6603257e-02
   5.4665604e-01   5.0387943e-01   3.4536535e-01   3.8369944e-01   6.1814696e-01   3.5801340e-01   9.6603257e-02   7.1580092e-01   3.5912791e-01   2.7642205e-01   9.6603257e-02   3.4223544e-01   3.1758546e-01   5.9084159e-01   3.5850508e-01   4.5935603e-01   4.4111367e-01   9.6603257e-02
   4.2665279e-01   4.1617065e-01   3.1049752e-01   4.0868246e-01   5.1161141e-01   5.1721454e-01   3.1049752e-01   7.3972779e-01   3.5647836e-01   9.6603257e-02   3.0327141e-01   3.4015451e-01   3.6940359e-01   5.1643633e-01   3.8911638e-01   4.4364663e-01   5.1266406e-01   4.3773417e-01
   3.0551151e-01   3.4594287e-01   4.6146282e-01   3.8032366e-01   6.4669372e-01   4.8423120e-01   9.6603257e-02   5.9579135e-01   4.6854034e-01   9.6603257e-02   1.6654284e-01   9.6603257e-02   3.5160860e-01   4.8090363e-01   3.0842122e-01   3.4594287e-01   4.1369857e-01   3.1569916e-01
   6.1940428e-01   4.6333731e-01   5.2981040e-01   5.2981040e-01   7.4302695e-01   4.4411378e-01   9.6603257e-02   6.2267483e-01   3.2344396e-01   9.6603257e-02   9.6603257e-02   3.2344396e-01   9.6603257e-02   5.3162680e-01   4.4332268e-01   4.3103464e-01   4.8373893e-01   3.2344396e-01
   4.1735724e-01   3.8474638e-01   9.6603257e-02   3.4914840e-01   6.8546230e-01   3.8474638e-01   9.6603257e-02   7.2760786e-01   3.8522010e-01   9.6603257e-02   3.4594287e-01   2.5215459e-01   9.6603257e-02   6.3077180e-01   3.4914840e-01   3.4594287e-01   3.5160860e-01   9.6603257e-02
   3.4914840e-01   3.4914840e-01   3.4914840e-01   3.4990138e-01   4.6854034e-01   3.0728970e-01   9.6603257e-02   7.4315145e-01   3.5754903e-01   9.6603257e-02   9.6603257e-02   3.4914840e-01   3.7913840e-01   5.5003953e-01   3.5160860e-01   3.8709299e-01   3.4594287e-01   3.1569916e-01
   3.4707340e-01   4.5669884e-01   4.7345542e-01   3.8276461e-01   7.4700925e-01   2.9912439e-01   9.6603257e-02   6.4265223e-01   5.0871394e-01   2.9912439e-01   9.6603257e-02   2.9912439e-01   2.9912439e-01   5.4831902e-01   3.5120545e-01   3.2674479e-01   5.1526297e-01   9.6603257e-02
   3.7309821e-01   3.7855818e-01   3.3431373e-01   3.7184450e-01   7.4279581e-01   3.2602250e-01   9.6603257e-02   5.6079885e-01   3.2182179e-01   9.6603257e-02   3.0368506e-01   3.1206103e-01   2.9611676e-01   6.8037484e-01   3.3555342e-01   3.3947899e-01   3.6533765e-01   2.8329567e-01
   4.9723283e-01   5.3780657e-01   9.6603257e-02   3.7097271e-01   5.7285498e-01   3.1578823e-01   9.6603257e-02   7.3814864e-01   4.9243613e-01   9.6603257e-02   2.5215459e-01   2.9919347e-01   3.3249217e-01   5.4223120e-01   3.9680203e-01   3.3286124e-01   5.1590134e-01   3.8885092e-01
   3.9362204e-01   3.8810606e-01   3.1192926e-01   4.2706213e-01   7.0197486e-01   4.6528458e-01   9.6603257e-02   6.3075951e-01   4.0417318e-01   9.6603257e-02   3.5205956e-01   3.1192926e-01   9.6603257e-02   5.9334992e-01   3.1192926e-01   3.1192926e-01   3.5469318e-01   9.6603257e-02
   3.3024145e-01   3.5657816e-01   3.0608918e-01   3.2563494e-01   5.7482844e-01   4.1563838e-01   9.6603257e-02   6.8422350e-01   3.1823697e-01   9.6603257e-02   2.9281980e-01   3.3637311e-01   5.3253557e-01   5.2252120e-01   3.6581768e-01   5.1415930e-01   5.0167117e-01   3.3078226e-01
   4.1179249e-01   5.4695400e-01   3.8886234e-01   4.7119456e-01   4.8227551e-01   3.4576095e-01   4.2221117e-01   6.0915123e-01   4.2137967e-01   9.6603257e-02   2.6399962e-01   3.6646576e-01   2.9125954e-01   4.5238335e-01   3.5307223e-01   3.3035343e-01   3.6396829e-01   2.9375775e-01
   3.8369944e-01   4.3950005e-01   3.0596611e-01   3.0296425e-01   4.5344569e-01   4.1714148e-01   9.6603257e-02   7.1752491e-01   3.0296425e-01   9.6603257e-02   3.1775747e-01   3.0596611e-01   9.6603257e-02   5.1085978e-01   3.8479941e-01   4.4833254e-01   5.0028908e-01   3.2017375e-01
   3.6695428e-01   4.1155879e-01   4.2894123e-01   4.0730978e-01   7.3202995e-01   3.4172040e-01   9.6603257e-02   6.4232786e-01   3.7666615e-01   9.6603257e-02   3.0596611e-01   4.2975404e-01   3.2017375e-01   7.4698093e-01   3.2433551e-01   3.6972312e-01   4.9700188e-01   2.1389602e-01
   4.1524695e-01   3.9379423e-01   3.1341069e-01   3.5466565e-01   6.7475744e-01   3.9448733e-01   2.7085679e-01   5.9218337e-01   3.2605423e-01   9.6603257e-02   3.1123929e-01   3.2179664e-01   3.1569548e-01   4.8499030e-01   3.2791079e-01   4.7214838e-01   3.2059848e-01   3.2153030e-01
   3.2356901e-01   4.0948214e-01   3.1642629e-01   4.4570101e-01   7.1969167e-01   3.3628127e-01   2.8014898e-01   6.5295082e-01   3.6726858e-01   9.6603257e-02   3.0670703e-01   3.1652910e-01   5.0337744e-01   4.8711423e-01   4.3348098e-01   3.9685420e-01   4.7960568e-01   4.9644589e-01
   4.4603917e-01   4.8231956e-01   3.5336240e-01   4.1017644e-01   4.1937651e-01   4.1937833e-01   9.6603257e-02   6.5958986e-01   3.5336240e-01   9.6603257e-02   9.6603257e-02   3.3055515e-01   2.7475221e-01   3.2148019e-01   3.8866909e-01   3.7979569e-01   3.4744707e-01   3.2369341e-01
   6.2227223e-01   5.0520486e-01   4.1369857e-01   4.5756728e-01   5.3687603e-01   4.4435935e-01   9.6603257e-02   6.3666562e-01   4.6854034e-01   9.6603257e-02   3.1569916e-01   3.8522010e-01   3.8522010e-01   4.9095859e-01   2.6191920e-01   2.8113311e-01   4.4858511e-01   3.0551151e-01
   4.6693472e-01   3.9121849e-01   2.9448777e-01   3.3881481e-01   5.8440238e-01   3.9121849e-01   9.6603257e-02   7.0361193e-01   3.1639788e-01   9.6603257e-02   3.1329835e-01   2.9448777e-01   3.2687828e-01   4.8572636e-01   3.5248635e-01   4.9756832e-01   3.5767214e-01   3.2000463e-01
   3.1162503e-01   4.4107339e-01   3.0896921e-01   4.1989963e-01   6.5549554e-01   3.5273798e-01   3.1294847e-01   6.2364786e-01   4.0889919e-01   9.6603257e-02   2.8412090e-01   3.1604014e-01   2.6187207e-01   4.2183697e-01   3.4990138e-01   3.2551186e-01   3.5832130e-01   1.2607279e-01
   5.1450680e-01   4.1527643e-01   3.1410193e-01   3.2836028e-01   6.9841741e-01   4.2521601e-01   9.6603257e-02   5.6849437e-01   3.5901746e-01   9.6603257e-02   3.1644609e-01   3.2942156e-01   3.0365186e-01   7.0024015e-01   3.6096573e-01   4.8470596e-01   2.9056519e-01   2.6145651e-01
   4.2921903e-01   4.3424369e-01   2.9988598e-01   2.9988598e-01   7.1434312e-01   2.6839173e-01   9.6603257e-02   6.6054371e-01   3.9864342e-01   9.6603257e-02   3.9319036e-01   2.9988598e-01   2.9988598e-01   5.8680039e-01   2.5215459e-01   3.8369944e-01   3.5643519e-01   9.6603257e-02
   4.3389572e-01   4.3137438e-01   3.3299458e-01   2.7450852e-01   6.7338435e-01   3.7421644e-01   9.6603257e-02   7.4768110e-01   3.4778514e-01   9.6603257e-02   3.4179919e-01   9.6603257e-02   3.3299458e-01   6.1314815e-01   3.4179919e-01   3.2177368e-01   5.5334374e-01   9.6603257e-02
   3.9638668e-01   3.4954733e-01   3.3739217e-01   3.6644713e-01   7.4410254e-01   3.3192023e-01   9.6603257e-02   5.6496016e-01   3.6644713e-01   9.6603257e-02   9.6603257e-02   3.3739217e-01   9.6603257e-02   7.0040422e-01   9.6603257e-02   3.2517879e-01   3.3739217e-01   9.6603257e-02
   5.3258792e-01   5.8058426e-01   3.8817576e-01   4.0169892e-01   2.8918654e-01   3.5438614e-01   3.0781418e-01   7.3396081e-01   4.6115916e-01   9.6603257e-02   2.5215459e-01   3.8043023e-01   4.3119564e-01   5.3110659e-01   4.0880437e-01   4.0976607e-01   4.8188048e-01   2.7174579e-01
   3.8956141e-01   5.1492076e-01   4.6391890e-01   4.8649144e-01   7.2503944e-01   3.7756408e-01   9.6603257e-02   6.4739260e-01   5.0943381e-01   9.6603257e-02   2.6145651e-01   4.6055648e-01   3.7765265e-01   7.2561374e-01   3.0486781e-01   3.4860791e-01   2.7401050e-01   3.0311416e-01
   3.7723868e-01   3.9839811e-01   4.2665831e-01   4.4421039e-01   5.9841581e-01   2.8785758e-01   9.6603257e-02   6.6915837e-01   3.4790381e-01   9.6603257e-02   1.3255916e-01   4.2698806e-01   3.4172040e-01   5.6537233e-01   3.8369944e-01   4.4481818e-01   3.1775747e-01   3.3654725e-01
   4.2936860e-01   3.7200210e-01   9.6603257e-02   9.6603257e-02   7.7958285e-01   3.4458484e-01   3.2399411e-01   5.5204794e-01   3.6014089e-01   9.6603257e-02   3.1487294e-01   2.9113490e-01   3.4345049e-01   5.6664522e-01   3.4239592e-01   3.9651931e-01   4.6058071e-01   2.8646778e-01
   4.6681951e-01   5.8975065e-01   5.1024249e-01   5.5303514e-01   4.9113742e-01   1.3215656e-01   9.6603257e-02   5.4969013e-01   3.6986702e-01   9.6603257e-02   9.6603257e-02   4.1988276e-01   9.6603257e-02   3.8369944e-01   3.4990138e-01   3.5664934e-01   4.4272003e-01   3.1710898e-01
   3.8522010e-01   4.1478407e-01   9.6603257e-02   2.7650997e-01   6.3460364e-01   4.1735724e-01   9.6603257e-02   7.3853108e-01   4.8423120e-01   9.6603257e-02   9.6603257e-02   2.7650997e-01   3.4594287e-01   4.8389397e-01   9.6603257e-02   4.4907430e-01   3.1569916e-01   3.5160860e-01
   4.1005069e-01   4.1714148e-01   3.2699967e-01   3.5896202e-01   4.7973796e-01   2.6507656e-01   2.5215459e-01   6.6464372e-01   4.5971752e-01   9.6603257e-02   2.9060758e-01   5.0490970e-01   3.4723696e-01   4.1749121e-01   3.1633759e-01   3.0911345e-01   3.3043487e-01   3.5235081e-01
   4.2128336e-01   3.8903300e-01   2.9893055e-01   3.6656744e-01   4.7055119e-01   3.6983603e-01   9.6603257e-02   7.1991190e-01   3.2159940e-01   9.6603257e-02   2.9893055e-01   2.9893055e-01   3.8761582e-01   5.0100989e-01   2.9712948e-01   5.0469548e-01   3.9537581e-01   3.2975729e-01
   5.1793988e-01   4.3146311e-01   3.5269336e-01   3.4302313e-01   5.0380252e-01   3.5137675e-01   2.6927980e-01   4.8495957e-01   3.3333695e-01   9.6603257e-02   1.1357389e-01   3.5929156e-01   3.2097882e-01   4.1275136e-01   3.5761828e-01   4.5609705e-01   3.2843819e-01   3.0205375e-01
   3.2401152e-01   4.7333596e-01   9.6603257e-02   3.4603129e-01   6.6859063e-01   2.9083566e-01   3.2009236e-01   7.4252357e-01   3.5222949e-01   3.4603129e-01   9.6603257e-02   4.5441585e-01   3.2401152e-01   6.4601114e-01   4.5441585e-01   3.2009236e-01   5.3863063e-01   9.6603257e-02
   4.8305057e-01   4.8305057e-01   4.0484464e-01   3.4990138e-01   6.6980652e-01   4.0126772e-01   9.6603257e-02   5.9873228e-01   4.6854034e-01   9.6603257e-02   9.6603257e-02   3.2272732e-01   9.6603257e-02   4.5379247e-01   4.0126772e-01   3.6039289e-01   3.6333438e-01   2.5215459e-01
   5.8931978e-01   5.3305676e-01   3.2946845e-01   3.3164207e-01   4.6726226e-01   3.1022686e-01   9.6603257e-02   6.9379844e-01   3.0801992e-01   9.6603257e-02   1.5775240e-01   5.0994668e-01   3.1022686e-01   4.7202825e-01   3.6249540e-01   3.4398071e-01   5.9121775e-01   5.0974336e-01
   4.8871783e-01   4.5908799e-01   2.5215459e-01   3.6333438e-01   5.6937026e-01   5.3145966e-01   9.6603257e-02   7.4138931e-01   4.0126772e-01   9.6603257e-02   1.7817309e-01   5.8578667e-01   1.7817309e-01   3.2555538e-01   5.4091201e-01   5.4702703e-01   5.8578667e-01   9.6603257e-02
   5.1450869e-01   4.3082606e-01   4.0012348e-01   4.0591680e-01   6.8175549e-01   4.1636695e-01   9.6603257e-02   6.8732323e-01   3.7041610e-01   3.1022686e-01   2.6167385e-01   3.3916018e-01   3.8370871e-01   5.6896536e-01   3.8798251e-01   5.0204588e-01   5.0375561e-01   3.0801992e-01
   5.0210915e-01   3.5920541e-01   3.5832130e-01   3.5832130e-01   7.2319080e-01   9.6603257e-02   9.6603257e-02   6.2200981e-01   3.1604014e-01   9.6603257e-02   5.4387097e-01   9.6603257e-02   4.6969570e-01   6.1758740e-01   3.4990138e-01   4.4993469e-01   5.7783997e-01   4.6969570e-01
   2.7430343e-01   3.3728687e-01   1.4505191e-01   3.4319680e-01   4.3719013e-01   5.1568970e-01   9.6603257e-02   7.5621847e-01   5.3855835e-01   9.6603257e-02   5.1327158e-01   3.2331876e-01   3.3023257e-01   5.0924988e-01   2.6372123e-01   4.7506947e-01   5.4661645e-01   9.6603257e-02
   4.1111822e-01   3.5053073e-01   3.4364404e-01   4.3648782e-01   7.0941813e-01   3.9659423e-01   9.6603257e-02   7.3080523e-01   4.1429833e-01   2.7976949e-01   3.1069738e-01   3.8886028e-01   3.3743298e-01   5.3969300e-01   3.5157264e-01   4.1500612e-01   3.1598801e-01   3.8451981e-01
   4.1982939e-01   3.4990138e-01   3.3713601e-01   3.5612310e-01   4.2470596e-01   3.5678980e-01   2.7739477e-01   6.5782850e-01   3.4150709e-01   9.6603257e-02   9.6603257e-02   3.2896596e-01   2.9281980e-01   4.5561817e-01   3.4425996e-01   3.8331782e-01   3.8753788e-01   2.8573224e-01
   2.9277543e-01   3.7622018e-01   5.0881207e-01   5.0218991e-01   6.7456457e-01   4.9475112e-01   9.6603257e-02   7.4082261e-01   3.8937589e-01   9.6603257e-02   9.6603257e-02   4.5416982e-01   3.2941331e-01   5.6244916e-01   1.4426543e-01   3.7557538e-01   4.6854421e-01   3.2941331e-01
   5.8285852e-01   4.7506947e-01   3.7830273e-01   4.0413235e-01   6.6274912e-01   4.4915337e-01   9.6603257e-02   6.9664625e-01   3.9743248e-01   9.6603257e-02   9.6603257e-02   3.7830273e-01   4.6969570e-01   5.8010037e-01   2.9678123e-01   6.2799790e-01   4.1656525e-01   3.2331876e-01
   4.4196221e-01   4.2171029e-01   3.0877813e-01   3.5666310e-01   5.1683964e-01   3.9580905e-01   2.7287110e-01   7.1880335e-01   3.4777574e-01   9.6603257e-02   3.2998606e-01   3.4808795e-01   3.2667293e-01   4.5608285e-01   3.4661096e-01   4.1771096e-01   3.7913036e-01   3.1952959e-01
   5.1576989e-01   4.7284288e-01   3.2862904e-01   3.5643519e-01   6.4442235e-01   4.6742356e-01   9.6603257e-02   6.6036370e-01   4.6742356e-01   9.6603257e-02   2.9535092e-01   5.1211515e-01   4.1217739e-01   7.2581070e-01   3.9396853e-01   5.0732582e-01   3.3499793e-01   2.9535092e-01
   3.1578823e-01   3.6447877e-01   3.4172040e-01   4.2143597e-01   4.3869907e-01   2.9919347e-01   9.6603257e-02   6.3659467e-01   2.7354987e-01   9.6603257e-02   3.3637311e-01   3.8753788e-01   3.3654725e-01   3.4990138e-01   3.3219501e-01   3.7660576e-01   3.7660576e-01   3.7200210e-01
   4.0732873e-01   4.9328262e-01   3.5245679e-01   3.7430848e-01   4.3865212e-01   3.2621000e-01   2.6823472e-01   6.0903229e-01   4.0150093e-01   9.6603257e-02   2.8630950e-01   3.5969414e-01   3.1205565e-01   4.0041966e-01   4.0904983e-01   3.7718855e-01   3.9216962e-01   3.0945511e-01
   4.0182903e-01   4.5350852e-01   4.1108849e-01   4.5660465e-01   7.3589725e-01   3.8970636e-01   3.0352228e-01   6.6255528e-01   3.9073749e-01   9.6603257e-02   4.9416566e-01   5.1863308e-01   3.2190794e-01   6.2212363e-01   3.3365081e-01   3.5956341e-01   4.0210693e-01   4.2818419e-01
   4.7904794e-01   5.0329087e-01   3.6940359e-01   4.3215355e-01   6.1072585e-01   4.1836618e-01   9.6603257e-02   6.8695161e-01   9.6603257e-02   9.6603257e-02   9.6603257e-02   3.6940359e-01   3.4015451e-01   5.4966707e-01   3.0484964e-01   4.8616232e-01   3.9396853e-01   5.2037568e-01
   4.5390685e-01   4.8078754e-01   9.6603257e-02   4.3020720e-01   7.0271244e-01   5.2715962e-01   9.6603257e-02   7.0708332e-01   3.6047370e-01   3.1930068e-01   9.6603257e-02   3.6047370e-01   4.3020720e-01   6.0225839e-01   3.4979415e-01   3.7725294e-01   4.8071341e-01   5.2312307e-01
   5.5321521e-01   3.9524585e-01   3.0278193e-01   3.3192023e-01   5.0791188e-01   3.5530293e-01   9.6603257e-02   7.1522805e-01   3.1273918e-01   9.6603257e-02   9.6603257e-02   9.6603257e-02   3.0278193e-01   6.9149575e-01   3.0278193e-01   4.4566232e-01   3.5543818e-01   3.0278193e-01
   5.6320482e-01   4.8389397e-01   9.6603257e-02   9.6603257e-02   7.1352891e-01   3.2555538e-01   9.6603257e-02   5.8344781e-01   4.7043735e-01   9.6603257e-02   3.6171249e-01   4.7214800e-01   3.7208840e-01   4.5068984e-01   3.1836996e-01   4.0484464e-01   5.4091201e-01   3.6039289e-01
   4.3159288e-01   3.5257278e-01   9.6603257e-02   5.1055931e-01   6.3812279e-01   5.3740382e-01   9.6603257e-02   7.3917781e-01   3.2646517e-01   9.6603257e-02   9.6603257e-02   5.1055931e-01   3.7081361e-01   7.3416137e-01   3.7206528e-01   5.4336631e-01   4.4826622e-01   5.1055931e-01
   3.5167345e-01   4.6147043e-01   3.9675105e-01   6.3444710e-01   6.8798157e-01   3.4711146e-01   9.6603257e-02   7.0403779e-01   5.2496277e-01   9.6603257e-02   9.6603257e-02   3.7212930e-01   5.0662174e-01   5.4297650e-01   3.2798573e-01   3.2798573e-01   2.8822995e-01   2.8822995e-01
   3.7511679e-01   5.4817189e-01   4.4317063e-01   4.7973796e-01   5.2779255e-01   3.7511679e-01   9.6603257e-02   6.9004319e-01   4.0946201e-01   9.6603257e-02   9.6603257e-02   4.0736975e-01   9.6603257e-02   4.3679518e-01   3.4324203e-01   4.6854034e-01   5.6589282e-01   5.2920490e-01
   4.3486642e-01   4.3759984e-01   3.5084192e-01   3.3320759e-01   5.4025757e-01   4.0424548e-01   9.6603257e-02   6.9619891e-01   3.2588435e-01   2.5215459e-01   9.6603257e-02   3.6470175e-01   3.3091680e-01   4.8258134e-01   3.6354393e-01   3.7108783e-01   3.4305351e-01   3.0024290e-01
   4.3993208e-01   5.3653309e-01   4.9429373e-01   4.0424548e-01   3.4990138e-01   3.9734887e-01   9.6603257e-02   7.0613241e-01   3.5414731e-01   9.6603257e-02   9.6603257e-02   4.9429373e-01   3.4889100e-01   4.4822618e-01   4.0457036e-01   5.9849404e-01   5.2768888e-01   3.1251205e-01
   3.5148455e-01   3.5148455e-01   3.5837553e-01   3.9428992e-01   4.2587836e-01   3.9582480e-01   9.6603257e-02   6.9731417e-01   3.6624191e-01   9.6603257e-02   3.0266473e-01   3.5837553e-01   3.2715255e-01   3.9524585e-01   3.2715255e-01   4.1229545e-01   3.0266473e-01   2.8780037e-01
   2.5236693e-01   3.7093601e-01   3.2715691e-01   3.2715691e-01   4.4977915e-01   4.0822398e-01   9.6603257e-02   7.4356523e-01   3.2715691e-01   9.6603257e-02   1.4208612e-01   3.3734683e-01   9.6603257e-02   4.6893971e-01   2.6538608e-01   4.1714148e-01   3.4990138e-01   9.6603257e-02
   3.6214448e-01   4.5091294e-01   4.0763534e-01   4.4849573e-01   6.3594007e-01   9.6603257e-02   9.6603257e-02   6.3305066e-01   4.5854792e-01   9.6603257e-02   3.7637661e-01   3.5965115e-01   3.1733215e-01   5.5315547e-01   3.4007897e-01   3.7200210e-01   4.7214800e-01   9.6603257e-02
   4.7926660e-01   5.4638213e-01   3.3401248e-01   3.6194556e-01   6.0962827e-01   3.6770234e-01   9.6603257e-02   7.4246680e-01   4.8796817e-01   9.6603257e-02   9.6603257e-02   3.0839556e-01   3.0839556e-01   7.0915129e-01   3.0839556e-01   5.4236048e-01   9.6603257e-02   3.4515128e-01
   4.6363001e-01   4.3594616e-01   3.5519297e-01   3.6874884e-01   6.5097700e-01   3.4674501e-01   9.6603257e-02   5.1776703e-01   3.8738641e-01   9.6603257e-02   3.4145564e-01   3.7584863e-01   3.0859383e-01   4.9116594e-01   3.7752691e-01   4.0396271e-01   3.5770787e-01   2.7366503e-01
   4.0950313e-01   4.4048971e-01   3.5869323e-01   3.8299587e-01   7.0926234e-01   3.7792177e-01   4.0042676e-01   6.5530222e-01   3.6779036e-01   9.6603257e-02   2.5927543e-01   3.6076135e-01   3.0980031e-01   5.7626294e-01   3.5304634e-01   3.8832933e-01   3.6181749e-01   2.7892481e-01
   2.4917955e-01   2.5704526e-01   3.2754070e-01   3.9163917e-01   6.3764078e-01   2.6090755e-01   9.6603257e-02   6.7589043e-01   3.8415100e-01   9.6603257e-02   2.2460642e-01   3.7668449e-01   2.9007257e-01   5.2873697e-01   2.5317980e-01   2.4248013e-01   2.6145651e-01   9.6603257e-02
   4.5293278e-01   4.1155879e-01   9.6603257e-02   9.6603257e-02   5.0000000e-01   3.4172040e-01   5.2142544e-01   7.4142547e-01   5.2760468e-01   9.6603257e-02   1.5501249e-01   4.5120196e-01   1.5501249e-01   5.7566208e-01   4.5120196e-01   2.9663589e-01   5.5578961e-01   9.6603257e-02
   3.0528935e-01   3.3457766e-01   3.8345027e-01   3.8345027e-01   7.3417970e-01   3.1231665e-01   4.3005927e-01   7.3997413e-01   3.5895668e-01   9.6603257e-02   5.0268088e-01   4.2033401e-01   3.0952966e-01   7.1208984e-01   3.1544981e-01   3.0952966e-01   5.2060289e-01   3.1544981e-01
   3.9551337e-01   3.7886253e-01   3.1400167e-01   3.2674919e-01   7.1372941e-01   4.5606741e-01   9.6603257e-02   7.4054209e-01   3.3560890e-01   3.8514316e-01   2.8488464e-01   3.4163727e-01   3.3314032e-01   5.4065506e-01   3.3137793e-01   4.0714584e-01   4.8355271e-01   2.7226854e-01
   4.5315057e-01   5.7340139e-01   3.8166693e-01   5.1055108e-01   5.6320482e-01   3.3728687e-01   9.6603257e-02   7.4172655e-01   5.0762637e-01   9.6603257e-02   9.6603257e-02   3.8166693e-01   2.9678123e-01   6.1924447e-01   3.1604014e-01   5.6922092e-01   3.7830273e-01   5.1327158e-01
   4.9938259e-01   3.8866909e-01   3.3620809e-01   3.5336240e-01   5.8062349e-01   4.6854034e-01   9.6603257e-02   6.7322820e-01   3.5336240e-01   9.6603257e-02   3.0179912e-01   3.3620809e-01   9.6603257e-02   4.7870043e-01   3.1892953e-01   5.2770596e-01   5.4629250e-01   4.1017644e-01
   3.3192023e-01   5.1330166e-01   4.8433930e-01   4.3855634e-01   7.5621815e-01   2.5215459e-01   9.6603257e-02   4.5059389e-01   3.5530293e-01   9.6603257e-02   2.7484437e-01   3.4990138e-01   3.3739217e-01   4.8927739e-01   4.1164917e-01   2.7484437e-01   2.5215459e-01   2.5215459e-01
   4.7788134e-01   4.1494148e-01   3.4990138e-01   3.3813500e-01   4.3972676e-01   3.8707389e-01   9.6603257e-02   7.2343428e-01   5.2253978e-01   9.6603257e-02   3.0028557e-01   2.5215459e-01   3.9093485e-01   4.3112054e-01   3.3796243e-01   4.1494148e-01   5.7835655e-01   1.5829713e-01
   3.9912874e-01   3.6803631e-01   4.2234563e-01   3.0077129e-01   7.0838461e-01   4.6397694e-01   9.6603257e-02   6.5469162e-01   3.4270503e-01   3.1036087e-01   2.9075949e-01   2.9172612e-01   2.9808876e-01   4.8647323e-01   3.3141923e-01   4.0874148e-01   4.2519494e-01   2.9765697e-01
   5.0000000e-01   6.0485389e-01   4.1955846e-01   4.2567841e-01   5.6724543e-01   3.1010581e-01   9.6603257e-02   7.1653143e-01   4.9100117e-01   9.6603257e-02   9.6603257e-02   3.3030881e-01   9.6603257e-02   5.1748077e-01   1.6853815e-01   3.5308961e-01   5.5396083e-01   9.6603257e-02
   3.3486509e-01   3.2702570e-01   2.7402380e-01   2.8624390e-01   6.3611268e-01   2.7346550e-01   9.6603257e-02   5.8061274e-01   3.4063070e-01   9.6603257e-02   1.5775240e-01   2.9636711e-01   2.9653949e-01   7.4076867e-01   2.7624590e-01   2.8876475e-01   2.9086887e-01   9.6603257e-02
   3.5257278e-01   3.8570226e-01   3.5387514e-01   3.5387514e-01   7.2715475e-01   5.1558130e-01   9.6603257e-02   7.3438914e-01   3.1831648e-01   9.6603257e-02   1.4141409e-01   3.5940469e-01   3.3609536e-01   7.5431923e-01   2.9211496e-01   3.5940469e-01   3.5940469e-01   2.9341542e-01
   3.6224208e-01   4.7176022e-01   4.0342245e-01   4.2441372e-01   7.1694253e-01   3.1735722e-01   9.6603257e-02   5.9363033e-01   3.8785628e-01   9.6603257e-02   2.8079170e-01   5.5704573e-01   3.1508048e-01   6.9805110e-01   3.6612887e-01   3.4460668e-01   3.7426905e-01   3.4556980e-01
   3.9525789e-01   4.0595000e-01   3.7997873e-01   4.0933123e-01   4.4100929e-01   3.8866909e-01   3.0484964e-01   7.1029151e-01   3.5989395e-01   9.6603257e-02   9.6603257e-02   3.4990138e-01   9.6603257e-02   4.3424369e-01   2.7507100e-01   4.3420907e-01   4.7292731e-01   2.7507100e-01
   3.2731625e-01   4.0974489e-01   4.0691054e-01   4.4407620e-01   7.2364113e-01   3.5027758e-01   2.8354066e-01   6.2765759e-01   4.1099992e-01   2.6868348e-01   3.1867803e-01   4.0346727e-01   3.0287538e-01   5.6193222e-01   3.5940469e-01   3.3727556e-01   3.7067022e-01   2.8688507e-01
   3.9396853e-01   4.0278960e-01   3.3538910e-01   3.3538910e-01   7.0342965e-01   4.0750105e-01   9.6603257e-02   6.3349890e-01   3.4990138e-01   9.6603257e-02   3.2862904e-01   3.4001229e-01   3.7562768e-01   5.3272066e-01   4.1173038e-01   3.4001229e-01   2.9002415e-01   9.6603257e-02
   4.2405576e-01   3.6626847e-01   3.6618515e-01   4.1344658e-01   5.3223576e-01   3.3895557e-01   3.1469805e-01   7.1000283e-01   3.7660576e-01   2.5215459e-01   2.5215459e-01   3.7845305e-01   1.9430375e-01   5.3344705e-01   3.5752868e-01   4.2277206e-01   4.7482192e-01   3.1285038e-01
   5.4673272e-01   3.6073094e-01   5.3855835e-01   2.7430343e-01   5.8343475e-01   5.7621666e-01   9.6603257e-02   6.2034401e-01   3.4990138e-01   9.6603257e-02   2.5215459e-01   5.3855835e-01   9.6603257e-02   4.1714148e-01   2.6785444e-01   2.7293724e-01   3.6802431e-01   9.6603257e-02
   4.6726200e-01   5.1998050e-01   2.9319487e-01   3.4044249e-01   7.4873218e-01   4.5717775e-01   9.6603257e-02   4.2868455e-01   4.2421596e-01   9.6603257e-02   9.6603257e-02   3.5933292e-01   3.3109598e-01   3.9114281e-01   4.5135425e-01   3.4982952e-01   5.2720712e-01   5.0118660e-01
   4.7563064e-01   4.2706213e-01   3.2715691e-01   3.5469318e-01   7.1449994e-01   4.4705568e-01   9.6603257e-02   6.6840949e-01   3.6100170e-01   9.6603257e-02   9.6603257e-02   3.2715691e-01   2.9403483e-01   6.0598223e-01   3.6100170e-01   5.2392632e-01   5.1105609e-01   9.6603257e-02
   4.4296211e-01   4.4421039e-01   3.7097271e-01   3.7097271e-01   7.4560207e-01   4.7436590e-01   9.6603257e-02   7.4123844e-01   4.2665831e-01   9.6603257e-02   3.4172040e-01   4.3230788e-01   3.8885092e-01   5.6504463e-01   3.9105649e-01   3.7097271e-01   4.5887688e-01   9.6603257e-02
   4.3873150e-01   4.6126927e-01   9.6603257e-02   4.4184043e-01   7.1000575e-01   4.6126927e-01   9.6603257e-02   7.0494197e-01   3.8045370e-01   9.6603257e-02   9.6603257e-02   3.4889100e-01   3.4889100e-01   6.0928242e-01   9.6603257e-02   4.4184043e-01   4.5807708e-01   9.6603257e-02
   3.9543285e-01   4.3679518e-01   4.5683795e-01   4.3057754e-01   5.4143545e-01   4.8501215e-01   9.6603257e-02   7.2160482e-01   3.9543285e-01   9.6603257e-02   3.3508329e-01   4.5683795e-01   3.0086415e-01   5.7086485e-01   3.6866982e-01   5.0296601e-01   4.7622671e-01   3.0086415e-01
   3.7997705e-01   3.9174904e-01   3.3054581e-01   3.3211308e-01   5.4624721e-01   4.3645176e-01   9.6603257e-02   6.5698747e-01   3.4360080e-01   9.6603257e-02   2.5215459e-01   3.3401343e-01   3.5782829e-01   3.5752868e-01   3.3778790e-01   3.6626630e-01   3.2816799e-01   3.1469805e-01
   4.1518505e-01   4.4625349e-01   3.7327293e-01   4.0693006e-01   5.4383762e-01   2.9163686e-01   9.6603257e-02   6.5032189e-01   3.5737673e-01   9.6603257e-02   2.7382042e-01   3.6327471e-01   2.7382042e-01   4.7951217e-01   2.9163686e-01   3.9524585e-01   5.2843383e-01   3.1327328e-01
   4.6785702e-01   4.5625759e-01   3.5781285e-01   4.1663202e-01   6.5850597e-01   3.8132638e-01   2.8168502e-01   6.8782764e-01   4.0038447e-01   9.6603257e-02   3.2317633e-01   3.7892522e-01   3.4619437e-01   5.5068611e-01   3.5737824e-01   4.5139214e-01   3.4017385e-01   2.9196653e-01
   5.2895545e-01   4.9913392e-01   4.0228759e-01   4.0228759e-01   7.0040422e-01   4.3762754e-01   9.6603257e-02   6.5496200e-01   3.6618515e-01   9.6603257e-02   9.6603257e-02   3.7648062e-01   5.1599884e-01   5.8420689e-01   4.0541781e-01   5.3617217e-01   5.4350124e-01   2.9997360e-01
   4.2063368e-01   3.5336240e-01   3.3620809e-01   3.3620809e-01   7.2559444e-01   4.2456628e-01   9.6603257e-02   7.2635268e-01   3.2369341e-01   9.6603257e-02   3.4990138e-01   9.6603257e-02   3.8791101e-01   3.9857359e-01   9.6603257e-02   4.1714148e-01   3.3620809e-01   3.0179912e-01
   5.0167117e-01   3.7200210e-01   3.4990138e-01   3.4990138e-01   6.3357044e-01   9.6603257e-02   9.6603257e-02   6.4691039e-01   3.8369944e-01   9.6603257e-02   9.6603257e-02   3.8791101e-01   5.3253557e-01   6.2766849e-01   2.7400686e-01   3.8902962e-01   2.7400686e-01   3.0608918e-01
   3.2490585e-01   4.2921903e-01   3.7575552e-01   4.1735724e-01   6.8830012e-01   4.1958808e-01   3.5160860e-01   6.9486967e-01   3.5160860e-01   9.6603257e-02   9.6603257e-02   2.8692812e-01   3.2456515e-01   4.2921903e-01   2.8692812e-01   3.3260049e-01   3.0842122e-01   3.4886490e-01
   3.8425417e-01   4.1749121e-01   3.6698902e-01   4.2345001e-01   5.8643334e-01   3.8753316e-01   3.1785793e-01   7.3099417e-01   3.8107870e-01   9.6603257e-02   5.0439838e-01   3.9016083e-01   3.9016083e-01   7.2350543e-01   3.4319700e-01   3.4324203e-01   4.3191527e-01   3.0890079e-01
   4.2587836e-01   4.5564846e-01   2.6502938e-01   2.8181341e-01   5.3883805e-01   2.9663485e-01   9.6603257e-02   6.6084485e-01   2.8128425e-01   9.6603257e-02   9.6603257e-02   2.7009697e-01   9.6603257e-02   5.3640215e-01   3.5914984e-01   4.5614107e-01   2.7533188e-01   2.5215459e-01
   6.9281805e-01   6.0800872e-01   9.6603257e-02   9.6603257e-02   6.4375021e-01   5.2037568e-01   9.6603257e-02   8.6433010e-01   9.6603257e-02   9.6603257e-02   9.6603257e-02   5.2037568e-01   9.6603257e-02   6.1819131e-01   3.6940359e-01   9.6603257e-02   7.9071396e-01   9.6603257e-02
   4.4026242e-01   3.9859788e-01   2.7132290e-01   3.0301685e-01   5.0742267e-01   4.5938052e-01   9.6603257e-02   7.0982390e-01   3.2359690e-01   2.7132290e-01   2.7915621e-01   3.0917452e-01   3.2571752e-01   4.7942733e-01   3.7841277e-01   4.4282755e-01   4.4454735e-01   3.1285062e-01
   3.8601314e-01   3.7024629e-01   3.2555538e-01   3.0351094e-01   6.8272579e-01   4.3336459e-01   9.6603257e-02   4.8630903e-01   4.0260736e-01   9.6603257e-02   2.7363321e-01   9.6603257e-02   9.6603257e-02   4.7510935e-01   3.9081984e-01   4.0424548e-01   3.3963500e-01   2.8697060e-01
   4.0520599e-01   3.4302313e-01   3.4336422e-01   2.8582023e-01   5.1906140e-01   4.6551882e-01   9.6603257e-02   6.0475415e-01   3.6358291e-01   9.6603257e-02   2.5927543e-01   2.8910977e-01   3.6517618e-01   4.0185944e-01   2.5817475e-01   4.0000587e-01   3.3558189e-01   3.0137129e-01
   3.1112970e-01   2.6103809e-01   3.9426109e-01   4.0710757e-01   5.8572856e-01   4.0304699e-01   9.6603257e-02   7.0574246e-01   4.0710757e-01   9.6603257e-02   2.9319487e-01   3.9426109e-01   5.1389477e-01   6.0440657e-01   3.2338272e-01   3.5006840e-01   3.6123156e-01   2.5215459e-01
   3.5405567e-01   3.6530975e-01   2.5215459e-01   3.5643519e-01   7.8488851e-01   4.9893446e-01   9.6603257e-02   5.3602181e-01   5.2827415e-01   9.6603257e-02   2.9816462e-01   3.5405567e-01   3.4015451e-01   5.0793879e-01   3.5135825e-01   4.5004027e-01   3.4015451e-01   3.1752355e-01
   3.9056327e-01   3.8968867e-01   3.8919549e-01   3.6851904e-01   5.9040476e-01   4.1252478e-01   9.6603257e-02   7.2878320e-01   3.5187811e-01   3.0756575e-01   1.4383792e-01   5.0000000e-01   3.2192090e-01   5.7733189e-01   3.0829144e-01   3.7047525e-01   4.9399658e-01   3.4212663e-01
   4.2587836e-01   4.9843885e-01   3.4767909e-01   3.4767909e-01   4.5612903e-01   2.7582849e-01   9.6603257e-02   7.2970489e-01   3.3833431e-01   9.6603257e-02   1.9934758e-01   4.9208812e-01   2.7582849e-01   4.0424548e-01   3.6805730e-01   3.5273798e-01   5.2628009e-01   9.6603257e-02
   3.8829595e-01   5.4091201e-01   4.2731834e-01   4.5455644e-01   5.4297650e-01   3.7208840e-01   3.4515128e-01   7.1577059e-01   4.7107822e-01   9.6603257e-02   3.2053361e-01   4.5106163e-01   4.0713889e-01   5.3596862e-01   3.4135169e-01   4.0354421e-01   5.7852721e-01   1.5775240e-01
   3.4139755e-01   3.9849465e-01   3.6624191e-01   3.9582480e-01   6.4521739e-01   4.6225777e-01   9.6603257e-02   7.0617159e-01   3.6624191e-01   9.6603257e-02   3.3611015e-01   3.9428992e-01   3.8156631e-01   4.5388641e-01   3.4156677e-01   4.9969686e-01   3.4656249e-01   3.0266473e-01
   3.9524585e-01   4.7929418e-01   4.8669302e-01   4.0695401e-01   5.6736946e-01   4.0695401e-01   9.6603257e-02   6.9214760e-01   3.6805730e-01   9.6603257e-02   3.1106074e-01   3.0394878e-01   4.0695401e-01   4.5654203e-01   3.2661343e-01   3.5618340e-01   2.9108241e-01   3.2906620e-01
   3.3378071e-01   5.2317351e-01   3.4067467e-01   3.6438287e-01   5.7920691e-01   4.2391143e-01   9.6603257e-02   6.5762580e-01   3.7531318e-01   9.6603257e-02   3.4603129e-01   3.5450524e-01   4.7301325e-01   4.5614107e-01   3.5450524e-01   3.4990138e-01   5.4174723e-01   9.6603257e-02
   4.1714148e-01   5.1270961e-01   3.2331876e-01   3.9874354e-01   5.7627154e-01   5.4387097e-01   9.6603257e-02   7.3117558e-01   3.6802431e-01   9.6603257e-02   9.6603257e-02   3.2331876e-01   3.5832130e-01   4.5947206e-01   3.5273798e-01   4.4993469e-01   4.6969570e-01   9.6603257e-02
   4.4606139e-01   4.2289607e-01   3.0596611e-01   3.0596611e-01   6.9593039e-01   3.9327257e-01   3.4172040e-01   7.2904254e-01   5.5284899e-01   9.6603257e-02   9.6603257e-02   3.0596611e-01   3.9622682e-01   6.6835886e-01   3.9622682e-01   3.3637311e-01   3.9622682e-01   9.6603257e-02
   4.7395069e-01   5.0827273e-01   3.9874354e-01   3.9874354e-01   6.1109298e-01   3.9874354e-01   9.6603257e-02   5.6922092e-01   3.4990138e-01   9.6603257e-02   9.6603257e-02   3.9874354e-01   9.6603257e-02   5.3369878e-01   4.1714148e-01   4.8303754e-01   5.1036809e-01   3.5832130e-01
   4.0277655e-01   2.9390479e-01   4.2754344e-01   1.5775240e-01   5.8996184e-01   3.4720127e-01   9.6603257e-02   6.4292160e-01   3.5132377e-01   2.7913135e-01   3.2876931e-01   3.9261621e-01   3.1758546e-01   5.3988273e-01   3.4990138e-01   4.0579228e-01   3.6468555e-01   3.0969715e-01
   3.9876905e-01   3.6608791e-01   3.1335478e-01   3.1335478e-01   5.7253001e-01   4.3203844e-01   9.6603257e-02   7.4644219e-01   3.8989035e-01   2.8022769e-01   3.1335478e-01   3.1870888e-01   3.3989315e-01   5.5296286e-01   3.3914302e-01   3.9070325e-01   5.0180023e-01   5.0118660e-01
   2.7014602e-01   3.1227718e-01   4.1427375e-01   3.0786294e-01   4.5771740e-01   3.0536947e-01   9.6603257e-02   7.4355123e-01   3.8866909e-01   9.6603257e-02   9.6603257e-02   3.2226601e-01   3.2226601e-01   5.0057126e-01   2.7570045e-01   2.8848146e-01   4.6854421e-01   9.6603257e-02
   5.9238813e-01   5.3419698e-01   4.4435935e-01   9.6603257e-02   4.6222746e-01   9.6603257e-02   9.6603257e-02   7.4203164e-01   3.8032366e-01   9.6603257e-02   9.6603257e-02   5.3082395e-01   9.6603257e-02   5.9537321e-01   5.6644081e-01   9.6603257e-02   4.2921903e-01   9.6603257e-02
   4.4966720e-01   4.6850956e-01   3.4264797e-01   3.4264797e-01   5.0246547e-01   3.7273277e-01   3.1836694e-01   6.5844120e-01   3.5040469e-01   9.6603257e-02   3.2857042e-01   3.4264797e-01   2.7849332e-01   4.1344701e-01   3.3647410e-01   4.2913552e-01   4.1991851e-01   2.9168171e-01
   4.9375788e-01   4.3048158e-01   4.3073657e-01   3.2216469e-01   6.6540803e-01   3.9362883e-01   9.6603257e-02   6.9399289e-01   3.4222991e-01   9.6603257e-02   3.6547354e-01   4.3949465e-01   3.5606577e-01   6.5924067e-01   3.4941810e-01   4.7768509e-01   3.1130497e-01   2.9864747e-01
   4.6810992e-01   4.1028760e-01   3.1945240e-01   3.1338661e-01   6.5567472e-01   2.6584372e-01   4.2455541e-01   4.8376963e-01   3.1893219e-01   9.6603257e-02   2.5651494e-01   3.0634472e-01   2.6732057e-01   5.3282881e-01   3.6641654e-01   2.8182363e-01   2.9394126e-01   2.9891014e-01
   5.1420467e-01   4.6625165e-01   9.6603257e-02   3.0455504e-01   5.3432648e-01   3.3743103e-01   9.6603257e-02   7.2950295e-01   3.1654726e-01   9.6603257e-02   2.6724479e-01   2.9489314e-01   3.0077100e-01   3.9044339e-01   3.6220252e-01   2.9711026e-01   5.4710126e-01   5.0900793e-01
   4.1572571e-01   3.9091136e-01   3.7694959e-01   3.7557538e-01   5.6319402e-01   3.9717126e-01   9.6603257e-02   7.4417183e-01   3.4145372e-01   9.6603257e-02   5.1268037e-01   3.7694959e-01   3.2941331e-01   6.6115662e-01   2.7424210e-01   5.3948866e-01   5.5334980e-01   3.2941331e-01
   2.8046288e-01   2.8106568e-01   3.1925333e-01   3.5205956e-01   4.6212405e-01   3.4990138e-01   9.6603257e-02   6.8907894e-01   2.5215459e-01   3.1925333e-01   2.5215459e-01   3.1925333e-01   3.1925333e-01   5.4689740e-01   3.8629627e-01   3.2842281e-01   4.8898079e-01   2.7409377e-01
   3.5965115e-01   4.6503353e-01   2.7400686e-01   3.3637311e-01   5.8285852e-01   3.8902962e-01   9.6603257e-02   7.3443052e-01   4.1916174e-01   9.6603257e-02   3.2580066e-01   3.2580066e-01   4.4691698e-01   5.0013850e-01   2.8939508e-01   3.8345243e-01   3.3078226e-01   3.1741298e-01
   4.6205899e-01   4.5685610e-01   5.5987259e-01   5.4367309e-01   6.3668003e-01   3.2282940e-01   9.6603257e-02   7.4098946e-01   3.6540238e-01   9.6603257e-02   1.3569884e-01   5.5987259e-01   5.0662174e-01   6.3797508e-01   3.2282940e-01   5.0536791e-01   5.9017195e-01   4.3635728e-01
   4.3588813e-01   4.5608483e-01   3.2312364e-01   3.1798445e-01   3.9497519e-01   4.0745355e-01   9.6603257e-02   6.9224337e-01   4.2400993e-01   3.1627818e-01   1.7803499e-01   3.0651212e-01   3.1939088e-01   4.4196221e-01   2.9726515e-01   3.7335075e-01   4.8782901e-01   2.8002076e-01
   4.1017628e-01   4.1005069e-01   3.2787758e-01   3.1588734e-01   3.7660576e-01   3.3865133e-01   9.6603257e-02   7.3306915e-01   3.2689085e-01   9.6603257e-02   2.3247238e-01   3.0090116e-01   3.2271982e-01   6.6988448e-01   2.5215459e-01   3.6864722e-01   4.7056007e-01   5.1075519e-01
   4.5440182e-01   3.7286744e-01   3.1571386e-01   3.3489375e-01   5.6683726e-01   4.3516430e-01   9.6603257e-02   7.1834629e-01   3.2332092e-01   2.5215459e-01   3.2453682e-01   3.1571386e-01   3.5377789e-01   5.7846342e-01   3.2332092e-01   4.9142466e-01   3.9347450e-01   3.1849036e-01
   5.8137664e-01   5.8212609e-01   3.5252425e-01   4.2383678e-01   6.1839526e-01   3.6344664e-01   1.5807424e-01   5.8400994e-01   3.8497948e-01   9.6603257e-02   2.3592296e-01   3.4526206e-01   2.7428336e-01   4.4997849e-01   3.6752242e-01   4.7313500e-01   3.9051067e-01   3.9734298e-01
   5.0165683e-01   4.5723443e-01   3.5643519e-01   3.4112396e-01   6.7552986e-01   3.7506167e-01   9.6603257e-02   5.0314215e-01   3.4626220e-01   9.6603257e-02   9.6603257e-02   3.5643519e-01   3.4015451e-01   4.9467226e-01   3.3502493e-01   4.7687079e-01   5.2037568e-01   2.8473581e-01
   4.5155085e-01   6.1630056e-01   5.4491470e-01   4.8919678e-01   5.3745348e-01   3.7057225e-01   3.4515128e-01   7.2600171e-01   4.5532138e-01   9.6603257e-02   9.6603257e-02   6.0311068e-01   9.6603257e-02   5.8285852e-01   3.4331463e-01   3.7438974e-01   5.4491470e-01   5.2372487e-01
   4.4970986e-01   3.6169374e-01   9.6603257e-02   9.6603257e-02   7.2381457e-01   4.4808896e-01   9.6603257e-02   5.7470534e-01   2.7324164e-01   9.6603257e-02   3.4079960e-01   5.1211515e-01   3.0220432e-01   5.4334651e-01   4.1400887e-01   3.3778880e-01   3.6434418e-01   3.2862904e-01
   3.7856055e-01   5.3142111e-01   5.8546424e-01   6.0834400e-01   4.7874743e-01   3.3783496e-01   9.6603257e-02   5.6904376e-01   4.3306837e-01   9.6603257e-02   9.6603257e-02   4.3288956e-01   2.9140580e-01   3.6742895e-01   3.4990138e-01   3.0262775e-01   3.1797683e-01   4.8266414e-01
   5.1998353e-01   4.8240965e-01   3.9528908e-01   3.9528908e-01   5.8062167e-01   4.9584746e-01   9.6603257e-02   7.4128125e-01   3.4986133e-01   9.6603257e-02   9.6603257e-02   3.8045370e-01   3.6512619e-01   6.4149492e-01   3.6946365e-01   5.8947033e-01   5.5337819e-01   4.9429373e-01
   3.8345243e-01   3.5787296e-01   9.6603257e-02   4.6330327e-01   5.8436162e-01   4.7551767e-01   9.6603257e-02   7.1638661e-01   4.4603917e-01   9.6603257e-02   3.4990138e-01   4.6330327e-01   9.6603257e-02   5.3706119e-01   3.1741298e-01   4.5999665e-01   3.1010581e-01   2.7400686e-01
   5.0148721e-01   4.9220035e-01   3.8208700e-01   4.0927254e-01   5.9998366e-01   3.7164085e-01   9.6603257e-02   5.8399142e-01   3.5205956e-01   2.6889225e-01   2.9575092e-01   3.3712403e-01   3.4621053e-01   5.3000137e-01   4.0007649e-01   4.6927508e-01   3.0938787e-01   2.8731095e-01
   5.2959434e-01   5.1109127e-01   9.6603257e-02   9.6603257e-02   5.4931016e-01   5.1933515e-01   9.6603257e-02   7.5935725e-01   3.0086415e-01   9.6603257e-02   2.9469804e-01   5.4486846e-01   3.3508329e-01   6.1630056e-01   4.1768462e-01   4.5082584e-01   6.2956516e-01   3.0086415e-01
   2.8250556e-01   4.1446229e-01   4.8410548e-01   4.7301711e-01   5.9152274e-01   4.0120758e-01   3.1022686e-01   7.4052443e-01   3.6839802e-01   9.6603257e-02   2.8669582e-01   5.8133584e-01   3.2427695e-01   6.6726579e-01   1.5285275e-01   3.9256504e-01   4.0785896e-01   9.6603257e-02
   4.5614107e-01   3.8866909e-01   3.4990138e-01   3.4990138e-01   6.1684443e-01   3.8479941e-01   9.6603257e-02   4.6221167e-01   4.3666433e-01   9.6603257e-02   9.6603257e-02   3.4990138e-01   9.6603257e-02   4.9639271e-01   3.3021157e-01   3.4990138e-01   3.4172040e-01   3.3637311e-01
   5.1437909e-01   4.9100117e-01   4.1017644e-01   4.1017644e-01   6.2713256e-01   4.3446093e-01   9.6603257e-02   6.9898627e-01   3.6512619e-01   9.6603257e-02   2.7475221e-01   4.1017644e-01   3.3620809e-01   6.0198762e-01   3.4990138e-01   5.1554333e-01   3.2369341e-01   9.6603257e-02
   4.9280154e-01   5.7867919e-01   3.7864478e-01   3.9874354e-01   6.1109298e-01   3.5715773e-01   9.6603257e-02   6.5549554e-01   3.5920541e-01   9.6603257e-02   9.6603257e-02   3.5920541e-01   9.6603257e-02   5.6982526e-01   3.8166693e-01   4.6969677e-01   3.1604014e-01   3.3728687e-01
   4.7141162e-01   4.3962236e-01   3.4719138e-01   3.5705642e-01   5.6981639e-01   3.7635070e-01   9.6603257e-02   7.1769973e-01   3.6155594e-01   2.6815175e-01   3.0093792e-01   3.3234456e-01   3.1610067e-01   5.4350510e-01   3.6770637e-01   4.8293957e-01   3.6914414e-01   3.2471131e-01
   3.5984869e-01   4.0305457e-01   4.5129941e-01   4.4562046e-01   7.1248431e-01   4.3707980e-01   9.6603257e-02   7.3854349e-01   4.0800971e-01   9.6603257e-02   2.9155330e-01   4.8716412e-01   3.3454365e-01   5.4264004e-01   3.1840516e-01   3.6742895e-01   5.2673734e-01   9.6603257e-02
   4.0260736e-01   4.0834276e-01   3.9175310e-01   3.2053361e-01   5.8023355e-01   3.7208840e-01   9.6603257e-02   6.8131834e-01   3.3401248e-01   9.6603257e-02   3.3541481e-01   9.6603257e-02   3.5493135e-01   5.5897951e-01   3.3963500e-01   5.0389554e-01   3.1969019e-01   9.6603257e-02
   3.0459261e-01   4.4184043e-01   3.8045370e-01   3.8045370e-01   7.2812625e-01   2.8459060e-01   9.6603257e-02   4.4603917e-01   3.4508000e-01   9.6603257e-02   2.0162624e-01   4.5807708e-01   2.6274370e-01   5.4758202e-01   2.7378758e-01   2.0162624e-01   3.0459261e-01   9.6603257e-02
   4.6315083e-01   4.8956737e-01   3.3867706e-01   3.3867706e-01   7.6701801e-01   5.7657584e-01   9.6603257e-02   6.1314815e-01   3.5763358e-01   9.6603257e-02   3.3867706e-01   3.0379179e-01   5.1938506e-01   6.3396365e-01   3.7684167e-01   3.9187241e-01   5.1938506e-01   3.3867706e-01
   5.9543504e-01   4.3677554e-01   3.6486000e-01   3.6486000e-01   5.8938114e-01   3.4656249e-01   9.6603257e-02   7.4361712e-01   3.4656249e-01   9.6603257e-02   3.4656249e-01   3.5449331e-01   3.4656249e-01   5.1940930e-01   3.7628085e-01   3.4656249e-01   5.4029521e-01   9.6603257e-02
   4.3527067e-01   6.7870093e-01   3.9083981e-01   4.8898079e-01   5.9309536e-01   3.4990138e-01   9.6603257e-02   6.3504486e-01   4.9715405e-01   9.6603257e-02   9.6603257e-02   9.6603257e-02   1.8725732e-01   4.2706213e-01   2.9340359e-01   2.1647877e-01   5.3438840e-01   9.6603257e-02
   3.9907453e-01   3.9493236e-01   3.3192023e-01   3.4954733e-01   7.0276967e-01   4.2628235e-01   3.7554878e-01   7.1134736e-01   3.0278193e-01   9.6603257e-02   9.6603257e-02   3.6674392e-01   9.6603257e-02   4.7989850e-01   3.3739217e-01   3.7832121e-01   4.1269227e-01   3.3739217e-01
   4.2698806e-01   4.6889202e-01   3.8322614e-01   4.3666433e-01   4.2862074e-01   2.9611836e-01   9.6603257e-02   6.3820189e-01   3.5650569e-01   9.6603257e-02   9.6603257e-02   3.8322614e-01   3.7097271e-01   3.8885092e-01   2.9611836e-01   4.7679183e-01   3.6231737e-01   3.4172040e-01
   4.0079691e-01   4.4580870e-01   4.0659056e-01   4.2507916e-01   6.7305154e-01   4.6360458e-01   9.6603257e-02   6.3530502e-01   4.1544304e-01   9.6603257e-02   9.6603257e-02   4.4454480e-01   2.8027897e-01   5.2005991e-01   3.4990138e-01   4.1720813e-01   3.6715534e-01   1.5775240e-01
   3.9524585e-01   3.4990138e-01   3.0596611e-01   3.6699582e-01   6.5576050e-01   3.6985441e-01   3.1820236e-01   6.9810992e-01   3.4323806e-01   9.6603257e-02   9.6603257e-02   3.5304504e-01   2.9919347e-01   4.5068984e-01   3.1775747e-01   3.5352600e-01   3.5767214e-01   3.1820236e-01
   3.5499622e-01   5.0520486e-01   5.3875290e-01   5.4744290e-01   3.9524585e-01   4.1735616e-01   9.6603257e-02   6.5770948e-01   3.4930988e-01   9.6603257e-02   3.1569916e-01   4.7210462e-01   3.8474638e-01   4.5333424e-01   9.6603257e-02   4.1735616e-01   3.5160860e-01   9.6603257e-02
   4.6477647e-01   3.6194556e-01   3.3401248e-01   9.6603257e-02   7.0009394e-01   4.7483015e-01   9.6603257e-02   6.8545883e-01   3.7438974e-01   9.6603257e-02   3.3401248e-01   3.3401248e-01   3.5040469e-01   3.9195462e-01   3.3401248e-01   4.5155085e-01   3.0839556e-01   9.6603257e-02
   3.5308961e-01   3.8345243e-01   3.5308961e-01   3.4887322e-01   6.6892564e-01   3.5965115e-01   9.6603257e-02   7.2123106e-01   3.8791101e-01   9.6603257e-02   3.4887322e-01   3.5308961e-01   2.5215459e-01   6.1520059e-01   9.6603257e-02   5.0167117e-01   3.1741298e-01   3.1741298e-01
   5.2607870e-01   5.5971556e-01   3.2456515e-01   3.8474638e-01   6.3077180e-01   2.6517015e-01   9.6603257e-02   6.0390748e-01   3.2456515e-01   9.6603257e-02   9.6603257e-02   3.2885169e-01   3.2456515e-01   5.0000000e-01   5.1247709e-01   3.1069804e-01   5.3082395e-01   5.0919598e-01
   4.3018075e-01   4.8476038e-01   3.2204202e-01   3.5350889e-01   7.5254705e-01   3.6188758e-01   9.6603257e-02   4.6231093e-01   4.3018075e-01   9.6603257e-02   3.2052379e-01   3.3611015e-01   3.4656249e-01   5.5734914e-01   4.4435790e-01   2.9091475e-01   5.0630354e-01   3.2052379e-01
   5.5850548e-01   4.8667714e-01   3.6100170e-01   3.6100170e-01   4.4977915e-01   5.3438840e-01   9.6603257e-02   7.2024497e-01   3.9083981e-01   9.6603257e-02   9.6603257e-02   9.6603257e-02   9.6603257e-02   5.3570714e-01   3.5469318e-01   9.6603257e-02   5.4611359e-01   3.6100170e-01
   5.2181792e-01   4.1864855e-01   4.0167197e-01   3.6711092e-01   6.4702733e-01   4.5637311e-01   9.6603257e-02   5.7231017e-01   4.1163124e-01   9.6603257e-02   3.6444469e-01   4.6163119e-01   3.5724040e-01   4.8810687e-01   4.0782206e-01   4.7507768e-01   3.1132388e-01   2.9850089e-01
   4.6495007e-01   4.1482222e-01   3.7169725e-01   3.6901184e-01   5.8609208e-01   4.1188929e-01   3.1930068e-01   7.4059329e-01   3.4977136e-01   9.6603257e-02   3.1875964e-01   3.7169725e-01   3.5490301e-01   5.4221539e-01   3.4063792e-01   4.8852304e-01   3.5968071e-01   2.9916940e-01
   6.2150526e-01   5.2069077e-01   3.5832130e-01   3.5832130e-01   5.1852000e-01   3.5832130e-01   9.6603257e-02   6.9668141e-01   5.3855835e-01   9.6603257e-02   9.6603257e-02   3.9743248e-01   9.6603257e-02   4.7506947e-01   4.8303754e-01   5.7627154e-01   5.1852000e-01   9.6603257e-02
   4.7320544e-01   5.6046283e-01   4.0413235e-01   4.0413235e-01   5.3521582e-01   3.2331876e-01   9.6603257e-02   6.7621946e-01   3.9874354e-01   9.6603257e-02   9.6603257e-02   3.9743248e-01   3.5832130e-01   5.6046283e-01   4.0413235e-01   4.5068984e-01   3.9743248e-01   9.6603257e-02
   3.7647787e-01   4.3770843e-01   5.0839074e-01   3.5235081e-01   7.3228756e-01   3.4324203e-01   9.6603257e-02   7.4075562e-01   3.5235081e-01   9.6603257e-02   3.1405982e-01   3.5020545e-01   3.2344396e-01   5.0490970e-01   3.0682656e-01   3.7647787e-01   5.0839074e-01   3.0682656e-01
   3.6878368e-01   4.4066314e-01   3.3143649e-01   3.5939065e-01   4.3046640e-01   3.4786532e-01   3.0634523e-01   6.2648592e-01   3.5419093e-01   9.6603257e-02   1.1694110e-01   3.4656354e-01   2.9784673e-01   4.1366237e-01   3.0002907e-01   3.2851191e-01   3.6508781e-01   3.0933836e-01
   3.7809954e-01   4.2607277e-01   9.6603257e-02   2.7218785e-01   4.6343085e-01   4.6797598e-01   9.6603257e-02   7.9931047e-01   4.3110454e-01   9.6603257e-02   2.9392748e-01   2.9392748e-01   3.9412028e-01   5.2263071e-01   3.1224789e-01   4.4360497e-01   4.9045195e-01   4.3110454e-01
   6.7621946e-01   5.2311893e-01   3.2123477e-01   3.2123477e-01   6.3736969e-01   4.1714148e-01   9.6603257e-02   6.4211166e-01   3.5643519e-01   9.6603257e-02   9.6603257e-02   3.2123477e-01   9.6603257e-02   5.6272493e-01   9.6603257e-02   6.2324924e-01   5.7803084e-01   5.3640066e-01
   4.1285973e-01   5.4095979e-01   5.0667317e-01   4.8068303e-01   7.3131879e-01   4.4126485e-01   9.6603257e-02   7.3851050e-01   4.8639538e-01   9.6603257e-02   9.6603257e-02   3.3789572e-01   2.9816462e-01   4.9507489e-01   3.3502493e-01   3.3502493e-01   5.2037568e-01   4.5004027e-01
   4.1296316e-01   4.5379247e-01   4.1016851e-01   4.5908799e-01   4.8630903e-01   3.5040469e-01   9.6603257e-02   6.6458519e-01   3.5040469e-01   9.6603257e-02   9.6603257e-02   4.1016851e-01   9.6603257e-02   4.8871783e-01   3.5040469e-01   4.5106163e-01   3.6039289e-01   3.2555538e-01
   4.6703940e-01   4.8916106e-01   4.4488174e-01   4.6175741e-01   5.7205932e-01   3.7827417e-01   9.6603257e-02   6.3490650e-01   4.0513686e-01   3.0240620e-01   3.0035361e-01   4.5518512e-01   3.4944836e-01   5.0219242e-01   3.7320279e-01   4.2353394e-01   3.4733622e-01   2.9882050e-01
   3.7913840e-01   4.5475076e-01   3.4914840e-01   4.0126772e-01   6.2678702e-01   4.3679518e-01   9.6603257e-02   7.1963459e-01   4.2251777e-01   2.8692812e-01   3.7891095e-01   4.3749491e-01   3.2885169e-01   4.1411376e-01   3.2789187e-01   4.5475076e-01   3.4452109e-01   9.6603257e-02
   4.8880286e-01   3.9083981e-01   9.6603257e-02   9.6603257e-02   6.3125116e-01   5.2964414e-01   9.6603257e-02   7.5661325e-01   4.4705568e-01   9.6603257e-02   3.8810606e-01   5.3438840e-01   2.7714452e-01   5.6808405e-01   3.5737003e-01   2.7714452e-01   4.6528458e-01   3.5469318e-01
   4.6238240e-01   5.4234178e-01   4.9832984e-01   4.9940526e-01   7.4429360e-01   3.0174889e-01   9.6603257e-02   6.2646556e-01   4.1544406e-01   9.6603257e-02   2.5215459e-01   4.1506586e-01   2.3247238e-01   6.1206779e-01   3.1337399e-01   3.4713569e-01   4.4085276e-01   3.0825557e-01
   3.0596611e-01   3.0596611e-01   9.6603257e-02   5.2142544e-01   6.4295919e-01   4.2143597e-01   5.2142544e-01   7.4563611e-01   5.2142544e-01   9.6603257e-02   9.6603257e-02   5.2142544e-01   4.8423490e-01   6.1520059e-01   3.3021157e-01   3.9327257e-01   5.2142544e-01   5.2142544e-01
   4.4278432e-01   5.9990485e-01   3.7894260e-01   5.7714927e-01   6.2023807e-01   2.6689651e-01   9.6603257e-02   5.3905398e-01   4.1028451e-01   9.6603257e-02   2.7317958e-01   3.6870396e-01   3.0214785e-01   4.5614107e-01   2.7341563e-01   4.8414482e-01   3.5308961e-01   3.0596611e-01
   7.4713121e-01   6.1605003e-01   4.2655113e-01   3.7523568e-01   5.1711459e-01   5.0791679e-01   9.6603257e-02   5.9840468e-01   4.8127294e-01   9.6603257e-02   4.5351233e-01   3.1194421e-01   3.8475566e-01   4.5144958e-01   5.6105889e-01   6.3995479e-01   4.9768495e-01   2.8637187e-01
