   6.5009862e-01   6.5602195e-01   5.3782723e-01   4.8582314e-01   6.0635534e-01   4.3310828e-01   9.6603257e-02   6.4601409e-01   4.2725143e-01   9.6603257e-02   2.8473581e-01   5.0000000e-01   2.9816462e-01   5.1886413e-01   5.7106437e-01   5.7953988e-01   3.1752355e-01   5.2037568e-01
   6.4181545e-01   5.0999522e-01   3.6996505e-01   3.6252165e-01   5.8303169e-01   4.4268134e-01   9.6603257e-02   6.1360817e-01   3.6179051e-01   9.6603257e-02   4.2493075e-01   3.4050165e-01   4.9638700e-01   5.4774130e-01   3.9934624e-01   6.1077156e-01   5.4258292e-01   5.3375404e-01
   6.4948691e-01   5.3617217e-01   3.3401343e-01   3.6267244e-01   5.2193104e-01   4.5474925e-01   9.6603257e-02   7.2904315e-01   3.8439772e-01   9.6603257e-02   4.7482192e-01   3.3401343e-01   2.9997360e-01   5.1698337e-01   4.2700357e-01   3.6779503e-01   5.3344705e-01   2.9997360e-01
   6.1386164e-01   4.7210462e-01   3.2951230e-01   3.2714705e-01   6.8344190e-01   4.3642177e-01   9.6603257e-02   4.9095859e-01   4.1735724e-01   9.6603257e-02   4.6146282e-01   2.9170897e-01   2.5215459e-01   5.6858974e-01   3.2857042e-01   3.9611164e-01   3.8049249e-01   5.3082395e-01
   5.7772619e-01   6.5900970e-01   4.8250150e-01   3.4015451e-01   4.9581799e-01   4.7788797e-01   9.6603257e-02   6.4174443e-01   6.1819131e-01   9.6603257e-02   2.5215459e-01   3.6940359e-01   3.6940359e-01   5.4901416e-01   3.4015451e-01   4.4222519e-01   3.6940359e-01   5.7564696e-01
   5.2202824e-01   5.3396490e-01   4.4363031e-01   4.0727352e-01   5.9804680e-01   4.6198617e-01   9.6603257e-02   7.4350989e-01   5.1630018e-01   9.6603257e-02   3.2748758e-01   3.6874607e-01   3.4956703e-01   5.9575452e-01   4.6963266e-01   5.0289080e-01   4.2554502e-01   2.7455307e-01
   6.5175567e-01   7.3936000e-01   4.6330327e-01   5.3078963e-01   5.3433936e-01   4.8566424e-01   9.6603257e-02   6.1671775e-01   4.9832883e-01   9.6603257e-02   9.6603257e-02   4.6330327e-01   9.6603257e-02   5.3078963e-01   3.8791101e-01   5.0167117e-01   5.4785228e-01   5.8766847e-01
   6.8645712e-01   5.9310538e-01   5.4004139e-01   5.4004139e-01   4.4566232e-01   6.2740145e-01   9.6603257e-02   6.9190741e-01   3.7097271e-01   9.6603257e-02   5.2142544e-01   5.4004139e-01   5.2142544e-01   5.3333384e-01   5.7465701e-01   6.5476837e-01   5.4004139e-01   5.2142544e-01
   6.1990586e-01   6.7034583e-01   3.4435201e-01   3.4990138e-01   6.7950020e-01   3.4112396e-01   9.6603257e-02   6.0475415e-01   4.5723443e-01   9.6603257e-02   3.5643519e-01   3.0484964e-01   2.8473581e-01   5.1218055e-01   6.0475415e-01   4.9271235e-01   5.1399237e-01   4.9893446e-01
   6.2713256e-01   6.2839887e-01   5.3180321e-01   5.6775481e-01   6.7507969e-01   4.7870043e-01   9.6603257e-02   5.3145966e-01   5.1473390e-01   9.6603257e-02   5.4629250e-01   4.7768406e-01   3.3620809e-01   4.5902321e-01   4.3446093e-01   5.4931016e-01   9.6603257e-02   4.6655312e-01
   4.6374598e-01   5.4028490e-01   5.0534288e-01   5.5707140e-01   6.3086040e-01   5.4613074e-01   3.1657647e-01   7.2497401e-01   4.8264344e-01   9.6603257e-02   9.6603257e-02   5.1636016e-01   5.2836539e-01   5.5955322e-01   3.8565699e-01   4.8898079e-01   4.5278395e-01   4.4841350e-01
   5.8482544e-01   6.0855176e-01   3.9106429e-01   3.9866358e-01   6.0800147e-01   4.0665000e-01   2.7317648e-01   5.3135072e-01   4.1032786e-01   9.6603257e-02   3.3712726e-01   3.4275163e-01   3.5799427e-01   4.2997067e-01   4.7361299e-01   4.7596890e-01   3.1011961e-01   3.6742720e-01
   5.7572090e-01   4.7847566e-01   5.0024187e-01   5.1184175e-01   6.0346757e-01   5.2529629e-01   9.6603257e-02   7.3975754e-01   4.2911033e-01   2.7607682e-01   3.3372958e-01   5.1059748e-01   4.4360362e-01   5.3502403e-01   5.8966381e-01   5.5016800e-01   4.3834321e-01   4.5658857e-01
   6.5932899e-01   7.2656708e-01   5.0775478e-01   5.4690743e-01   6.8506231e-01   4.0271561e-01   9.6603257e-02   4.5985114e-01   4.5869914e-01   9.6603257e-02   2.7311762e-01   4.3636771e-01   5.0801102e-01   3.7304376e-01   6.7851981e-01   4.6979890e-01   4.3614954e-01   5.0801102e-01
   6.9342252e-01   5.5228791e-01   2.8618058e-01   4.0295469e-01   6.5349432e-01   5.5246048e-01   9.6603257e-02   6.8310154e-01   3.3796243e-01   9.6603257e-02   3.0028557e-01   3.7262844e-01   3.1892323e-01   6.0475415e-01   3.3205351e-01   6.7570054e-01   4.7960656e-01   3.5899051e-01
   6.6862222e-01   5.3996807e-01   4.2387896e-01   4.1400625e-01   5.0130965e-01   4.6013986e-01   9.6603257e-02   6.2948889e-01   4.0240279e-01   9.6603257e-02   3.1459563e-01   4.2965315e-01   3.8551197e-01   5.6619172e-01   4.1263961e-01   7.2859644e-01   4.9699944e-01   3.1459563e-01
   6.5549930e-01   6.7732200e-01   5.7301194e-01   6.0534473e-01   5.9310538e-01   4.9449523e-01   9.6603257e-02   6.3192879e-01   6.2567543e-01   4.2635258e-01   3.5308961e-01   4.3311998e-01   4.8698913e-01   4.5623868e-01   6.5918161e-01   5.5703648e-01   4.6330327e-01   4.9945397e-01
   7.4128318e-01   5.2341802e-01   4.4790570e-01   3.5543818e-01   5.8189626e-01   6.3597940e-01   9.6603257e-02   5.3996807e-01   3.8875856e-01   9.6603257e-02   4.2421837e-01   4.4790570e-01   3.2517879e-01   4.5849774e-01   4.4702924e-01   6.2605981e-01   3.6644713e-01   4.2115039e-01
   7.1352891e-01   5.2050860e-01   9.6603257e-02   5.4091201e-01   5.0620354e-01   5.8578667e-01   9.6603257e-02   6.3666562e-01   4.4102049e-01   9.6603257e-02   5.4091201e-01   5.1369097e-01   5.4091201e-01   6.7338435e-01   3.0756119e-01   4.4102049e-01   5.1369097e-01   9.6603257e-02
   5.1395860e-01   4.5155085e-01   3.6194556e-01   4.5076067e-01   6.1170405e-01   4.2249223e-01   9.6603257e-02   6.0499307e-01   4.3679518e-01   9.6603257e-02   4.2794851e-01   4.1075267e-01   4.0126772e-01   5.4467862e-01   5.5150427e-01   4.5295707e-01   4.5373571e-01   4.3133943e-01
   6.2852974e-01   6.3761076e-01   5.4467762e-01   5.5224787e-01   6.3275223e-01   5.0700845e-01   9.6603257e-02   6.3474143e-01   6.1456356e-01   9.6603257e-02   4.7520762e-01   5.0482972e-01   4.6937069e-01   5.2670722e-01   5.5477750e-01   5.9618775e-01   4.9328846e-01   4.9560350e-01
   6.4866569e-01   6.4218992e-01   4.7595286e-01   5.0188390e-01   5.7816303e-01   4.2920559e-01   9.6603257e-02   6.4879337e-01   5.1852000e-01   9.6603257e-02   3.5832130e-01   4.8513115e-01   3.8647312e-01   4.3439451e-01   5.0650268e-01   5.2770441e-01   3.7178798e-01   3.1855730e-01
   5.6989667e-01   6.6713876e-01   5.1369097e-01   4.9879240e-01   6.2339424e-01   5.8480844e-01   9.6603257e-02   7.7011112e-01   6.0531047e-01   9.6603257e-02   1.4291825e-01   4.4414192e-01   4.5861166e-01   6.6847196e-01   5.1798283e-01   4.4287074e-01   4.7214800e-01   5.1458044e-01
   7.0305517e-01   6.0886605e-01   3.7628085e-01   3.7628085e-01   5.5638564e-01   4.2587836e-01   9.6603257e-02   6.4413263e-01   3.4656249e-01   9.6603257e-02   3.0969715e-01   3.7628085e-01   9.6603257e-02   5.3451525e-01   4.5933466e-01   6.7994952e-01   3.4139755e-01   3.0969715e-01
   5.6946283e-01   5.5510537e-01   5.8578667e-01   5.1782039e-01   7.2162090e-01   3.8049249e-01   9.6603257e-02   6.3816911e-01   4.1429599e-01   9.6603257e-02   3.2456515e-01   5.8578667e-01   5.0919598e-01   5.1995331e-01   3.9548199e-01   5.3522353e-01   3.5160860e-01   3.6888718e-01
   6.5490742e-01   6.1517230e-01   4.0375406e-01   3.7286744e-01   5.7231603e-01   5.9130312e-01   9.6603257e-02   6.4114699e-01   4.6215504e-01   3.0764727e-01   5.4962870e-01   4.6231850e-01   4.8695495e-01   5.1723952e-01   6.4572428e-01   6.8461848e-01   5.0489785e-01   4.8085387e-01
   4.8499030e-01   5.1015028e-01   3.8276461e-01   4.8373893e-01   5.8275447e-01   5.4533477e-01   9.6603257e-02   7.3636050e-01   4.4187031e-01   9.6603257e-02   5.0839074e-01   3.8276461e-01   3.5020545e-01   4.9160926e-01   3.8075490e-01   5.9053799e-01   3.9817443e-01   3.0682656e-01
   5.3644465e-01   5.4072324e-01   3.1987748e-01   4.1369781e-01   7.4027910e-01   4.2224260e-01   9.6603257e-02   5.2836518e-01   4.5405640e-01   9.6603257e-02   3.6019851e-01   3.6173370e-01   3.0967228e-01   5.4670767e-01   4.1430531e-01   4.4875091e-01   3.2547812e-01   4.9466751e-01
   6.3721265e-01   6.7792432e-01   3.6422394e-01   4.2869438e-01   4.9117917e-01   4.2423608e-01   9.6603257e-02   6.2775977e-01   5.6070394e-01   9.6603257e-02   2.6016771e-01   3.4522125e-01   4.5362119e-01   4.3574846e-01   5.1842972e-01   5.0155095e-01   4.6323908e-01   3.0597896e-01
   6.6458519e-01   5.8344781e-01   3.6039289e-01   3.6039289e-01   4.8389397e-01   6.2339424e-01   9.6603257e-02   6.7831899e-01   3.6039289e-01   9.6603257e-02   5.4091201e-01   3.6039289e-01   9.6603257e-02   4.8389397e-01   3.6333438e-01   7.3267667e-01   5.1369097e-01   5.4091201e-01
   5.2450722e-01   7.1307188e-01   5.5213742e-01   5.5803779e-01   6.0018290e-01   5.1768670e-01   9.6603257e-02   5.9579135e-01   5.6240811e-01   9.6603257e-02   4.9909687e-01   4.8423120e-01   3.8522010e-01   4.1478407e-01   3.5160860e-01   5.6743939e-01   3.1569916e-01   3.4914840e-01
   6.6102597e-01   6.6511112e-01   4.2565739e-01   4.8014864e-01   5.2984264e-01   5.0904816e-01   9.6603257e-02   6.3075951e-01   5.0404787e-01   9.6603257e-02   5.3438840e-01   3.9083981e-01   9.6603257e-02   5.0442141e-01   3.9362204e-01   7.1108764e-01   5.7465545e-01   3.5469318e-01
   5.5316987e-01   5.1778503e-01   4.3956667e-01   4.7937820e-01   5.6326490e-01   4.1267642e-01   9.6603257e-02   7.3620826e-01   3.4986133e-01   9.6603257e-02   5.0764497e-01   4.3507665e-01   3.4889100e-01   5.4474993e-01   3.6512619e-01   5.9642427e-01   5.4629250e-01   3.1251205e-01
   4.8614812e-01   5.0466838e-01   5.3078963e-01   5.7301194e-01   5.7155291e-01   4.7239532e-01   9.6603257e-02   7.4037044e-01   5.2091020e-01   9.6603257e-02   3.7097271e-01   5.3078963e-01   9.6603257e-02   5.4004139e-01   3.6231737e-01   5.1383768e-01   4.7520762e-01   3.0596611e-01
   7.5162511e-01   7.6457169e-01   9.6603257e-02   5.0036310e-01   5.4085263e-01   3.2516180e-01   9.6603257e-02   6.1900606e-01   3.8653468e-01   9.6603257e-02   5.6812585e-01   5.3166314e-01   4.6236640e-01   4.6236640e-01   7.4256583e-01   5.0688572e-01   5.4403317e-01   5.3166314e-01
   7.2246812e-01   6.3553834e-01   4.2112022e-01   4.1262494e-01   4.8180252e-01   5.7722684e-01   9.6603257e-02   6.7099429e-01   4.0242075e-01   2.9253243e-01   4.3962696e-01   3.4931866e-01   4.2495133e-01   4.3010333e-01   4.3200872e-01   6.7108339e-01   3.8311817e-01   4.2869332e-01
   5.2046425e-01   4.9056991e-01   5.1239462e-01   3.4772025e-01   6.9410353e-01   3.5240709e-01   9.6603257e-02   5.7802274e-01   2.9054917e-01   9.6603257e-02   2.5215459e-01   5.1239462e-01   4.5792639e-01   5.9033316e-01   3.4550346e-01   6.2846306e-01   3.2901694e-01   3.4656249e-01
   4.4686407e-01   6.1808149e-01   3.5139672e-01   5.9575452e-01   5.7258946e-01   4.5683795e-01   9.6603257e-02   6.5950092e-01   5.1933515e-01   9.6603257e-02   5.1677281e-01   3.5139672e-01   5.1677281e-01   4.4686407e-01   4.6459389e-01   4.7389361e-01   5.1677281e-01   3.5139672e-01
   6.1261359e-01   6.2899880e-01   3.9501428e-01   3.9999357e-01   6.6250814e-01   4.3617246e-01   9.6603257e-02   5.9772474e-01   4.7237387e-01   9.6603257e-02   3.3083304e-01   3.3083304e-01   3.9343720e-01   5.2735206e-01   4.7369023e-01   6.0065376e-01   4.5929774e-01   4.2452967e-01
   6.5046779e-01   6.1474770e-01   3.9049884e-01   4.4256360e-01   5.6676803e-01   3.7713967e-01   1.2200783e-01   5.7431280e-01   4.8606502e-01   9.6603257e-02   3.3756047e-01   3.5108376e-01   3.6027128e-01   4.1519194e-01   4.7397093e-01   4.9596358e-01   3.8883951e-01   3.5483282e-01
   5.5808233e-01   4.6382820e-01   5.1389477e-01   5.3970779e-01   5.4355633e-01   5.1822744e-01   9.6603257e-02   7.4210259e-01   5.1389477e-01   9.6603257e-02   3.9931449e-01   5.1389477e-01   4.1897477e-01   5.4873068e-01   3.9426109e-01   7.4019341e-01   5.5702628e-01   4.5738776e-01
   5.5567097e-01   5.7676939e-01   3.3611015e-01   3.5518937e-01   5.8256375e-01   3.2789508e-01   9.6603257e-02   5.9957565e-01   4.4311381e-01   2.7443537e-01   3.3332876e-01   2.9603278e-01   3.7890757e-01   4.9916979e-01   4.8650793e-01   4.6854034e-01   3.6188758e-01   3.2554776e-01
   5.3192360e-01   5.1562148e-01   5.1938506e-01   4.1516684e-01   5.3192360e-01   3.8697220e-01   9.6603257e-02   7.3854277e-01   3.2677605e-01   9.6603257e-02   3.3335004e-01   5.1938506e-01   3.3867706e-01   5.5150427e-01   3.7842719e-01   4.8723282e-01   5.4939813e-01   5.4939813e-01
   5.9870887e-01   5.2287593e-01   4.2496922e-01   4.3972981e-01   6.5805474e-01   4.6949686e-01   9.6603257e-02   5.9696346e-01   4.6423290e-01   9.6603257e-02   4.3585641e-01   3.8927415e-01   3.0684066e-01   5.2661191e-01   4.0780045e-01   5.3472614e-01   3.2859149e-01   3.5643519e-01
   4.5713153e-01   4.6800343e-01   4.6070587e-01   4.7836818e-01   7.2329746e-01   4.9714221e-01   9.6603257e-02   6.5989807e-01   4.0071226e-01   9.6603257e-02   3.3919728e-01   3.5760512e-01   3.7462094e-01   7.0037667e-01   3.4791234e-01   4.9410851e-01   3.6533765e-01   4.9635505e-01
   5.6002762e-01   5.6046800e-01   4.8908545e-01   4.3740357e-01   7.4159614e-01   4.0888339e-01   4.9534746e-01   5.4644808e-01   4.2143597e-01   9.6603257e-02   4.2131480e-01   4.1553381e-01   4.1592713e-01   4.3648371e-01   5.0632272e-01   4.4964553e-01   3.9455354e-01   3.7963632e-01
   4.6033678e-01   4.8190154e-01   5.1839559e-01   5.5049148e-01   6.2023260e-01   3.5499730e-01   9.6603257e-02   6.8656727e-01   4.1977508e-01   9.6603257e-02   4.0169409e-01   5.0010657e-01   3.9340637e-01   5.6580294e-01   3.9844236e-01   5.1322059e-01   4.3923175e-01   3.3109598e-01
   6.5357127e-01   4.9789080e-01   3.7226054e-01   4.0697866e-01   6.6057226e-01   6.1721953e-01   3.5502175e-01   5.9471660e-01   3.7343664e-01   9.6603257e-02   4.9552286e-01   4.1910236e-01   3.8425452e-01   4.2532213e-01   4.3903864e-01   6.1250924e-01   3.9972759e-01   2.6145651e-01
   7.1720278e-01   6.7851981e-01   3.7716824e-01   5.0400527e-01   6.3833237e-01   5.4663410e-01   9.6603257e-02   6.6713876e-01   3.4889100e-01   9.6603257e-02   3.1251205e-01   3.7716824e-01   9.6603257e-02   5.7300801e-01   6.2637468e-01   6.7713077e-01   4.8327359e-01   9.6603257e-02
   4.8999360e-01   3.7628085e-01   3.7628085e-01   5.2496831e-01   7.4478473e-01   6.6029319e-01   9.6603257e-02   6.4952953e-01   3.6486000e-01   9.6603257e-02   9.6603257e-02   4.8225356e-01   5.2496831e-01   2.5215459e-01   4.0396840e-01   5.8665579e-01   5.2496831e-01   5.2496831e-01
   5.3145966e-01   6.4206549e-01   5.0431858e-01   4.9480712e-01   6.8678906e-01   4.4599490e-01   9.6603257e-02   6.2425343e-01   5.1782039e-01   9.6603257e-02   4.2531322e-01   3.6039289e-01   3.2064636e-01   6.0736550e-01   3.9973628e-01   6.2020431e-01   2.9783479e-01   4.3749491e-01
   6.0334353e-01   6.6607414e-01   5.7401381e-01   6.6078460e-01   6.7504117e-01   4.1579719e-01   9.6603257e-02   6.6607414e-01   5.0686172e-01   9.6603257e-02   4.7694686e-01   5.7868244e-01   4.2803975e-01   5.3234505e-01   5.1493177e-01   6.0242727e-01   4.2803975e-01   3.9557382e-01
   5.6357823e-01   5.1768670e-01   5.0231836e-01   4.9468907e-01   6.2424448e-01   4.3840983e-01   9.6603257e-02   6.1457989e-01   5.2235517e-01   9.6603257e-02   4.1686768e-01   3.1494216e-01   3.1125647e-01   4.0630047e-01   3.9089889e-01   4.8167054e-01   5.1638088e-01   3.1337947e-01
   5.6179722e-01   5.2060415e-01   4.3702977e-01   9.6603257e-02   5.5136039e-01   6.8274087e-01   9.6603257e-02   7.7632930e-01   5.2110759e-01   9.6603257e-02   5.0982317e-01   5.0878567e-01   6.4395981e-01   5.6720805e-01   4.7246202e-01   6.7811799e-01   5.4939813e-01   5.0555590e-01
   7.3622697e-01   7.0364727e-01   4.3895156e-01   4.4561218e-01   6.1859364e-01   4.0797153e-01   3.0959413e-01   4.8492844e-01   5.2347486e-01   9.6603257e-02   3.2291357e-01   5.1816061e-01   3.2943770e-01   3.7387515e-01   5.5611105e-01   5.6657176e-01   3.2291357e-01   4.9850652e-01
   7.3513262e-01   6.3634890e-01   4.7100421e-01   4.6840592e-01   5.8286963e-01   4.9653473e-01   9.6603257e-02   6.2631959e-01   4.9372200e-01   2.6347553e-01   3.8189321e-01   3.3493953e-01   4.8665483e-01   5.4828772e-01   5.8724864e-01   5.9310917e-01   4.4024994e-01   3.2914811e-01
   6.3231190e-01   5.3993682e-01   4.6685317e-01   4.9009264e-01   6.2240366e-01   4.0214772e-01   9.6603257e-02   5.6896536e-01   4.3235706e-01   9.6603257e-02   3.3469343e-01   6.0825096e-01   1.2484060e-01   5.7594450e-01   4.1561544e-01   5.0892547e-01   3.5598574e-01   5.1184175e-01
   6.3290038e-01   5.7867919e-01   3.5856258e-01   4.0413235e-01   7.0876602e-01   4.7871562e-01   9.6603257e-02   6.0475415e-01   4.3662222e-01   9.6603257e-02   5.1327158e-01   3.5920541e-01   5.2205390e-01   4.0413235e-01   4.9463880e-01   5.9201607e-01   5.1327158e-01   9.6603257e-02
   5.4890391e-01   5.8347925e-01   4.1609282e-01   5.4377556e-01   5.8304907e-01   4.4696603e-01   9.6603257e-02   6.5182823e-01   4.5508530e-01   9.6603257e-02   2.8070187e-01   4.6300678e-01   4.1505095e-01   5.4895800e-01   4.3806686e-01   5.1179806e-01   5.4091201e-01   5.0149003e-01
   6.7882954e-01   6.0491274e-01   3.5543818e-01   3.5543818e-01   5.3567249e-01   4.4566232e-01   9.6603257e-02   6.5362379e-01   3.5543818e-01   9.6603257e-02   3.0278193e-01   3.5543818e-01   3.3739217e-01   4.8675277e-01   4.5849774e-01   6.8935750e-01   5.7357297e-01   3.3739217e-01
   5.2581525e-01   4.6935603e-01   4.5117957e-01   4.9343388e-01   6.9049813e-01   5.2837273e-01   4.6869239e-01   6.4034471e-01   4.2227405e-01   9.6603257e-02   3.9152257e-01   3.9055826e-01   4.0914073e-01   4.6145572e-01   4.5619016e-01   5.4250123e-01   4.5767499e-01   3.2918607e-01
   5.9972462e-01   5.0791868e-01   4.6528458e-01   3.6780068e-01   5.6425244e-01   4.9174048e-01   9.6603257e-02   5.9121173e-01   4.0240279e-01   9.6603257e-02   4.6360458e-01   3.9880505e-01   4.2206997e-01   5.5115074e-01   5.2246291e-01   5.6722776e-01   4.2206997e-01   3.2651883e-01
   5.7504867e-01   5.6852776e-01   5.2501885e-01   5.0194726e-01   5.5897951e-01   4.4566232e-01   9.6603257e-02   6.5920424e-01   4.2143597e-01   9.6603257e-02   5.1456244e-01   4.7214800e-01   2.9831371e-01   4.2731574e-01   4.3393726e-01   5.5897951e-01   3.1836996e-01   4.5909412e-01
   5.6873266e-01   6.5995735e-01   3.7830273e-01   4.0004598e-01   5.5433768e-01   4.8133908e-01   9.6603257e-02   6.3221044e-01   4.0695401e-01   9.6603257e-02   5.2628009e-01   3.4767909e-01   2.9853756e-01   5.9126012e-01   4.3309615e-01   6.5663578e-01   5.2628009e-01   9.6603257e-02
   5.8557883e-01   4.8389569e-01   5.3998812e-01   5.4160376e-01   5.9751648e-01   5.0238916e-01   4.9966730e-01   6.4672935e-01   5.2588302e-01   9.6603257e-02   3.2087311e-01   5.2216079e-01   5.2610248e-01   6.4313869e-01   4.3819727e-01   6.0537326e-01   4.9482233e-01   4.3904001e-01
   5.4207592e-01   5.2464903e-01   4.3142464e-01   4.3198620e-01   7.3136955e-01   4.9676306e-01   3.0803042e-01   6.1529793e-01   4.0939051e-01   9.6603257e-02   3.4058909e-01   3.8210411e-01   4.3575615e-01   4.6114100e-01   4.2521040e-01   4.8095952e-01   3.6742171e-01   4.3328328e-01
   5.8131124e-01   6.3633593e-01   3.6901766e-01   3.2429946e-01   7.0380072e-01   4.6116659e-01   4.8736385e-01   5.0125694e-01   4.2917016e-01   9.6603257e-02   2.9880054e-01   3.6249953e-01   3.4943262e-01   4.2991058e-01   4.1969871e-01   5.2265572e-01   4.1178372e-01   2.8435247e-01
   5.3509010e-01   5.2043021e-01   4.6360458e-01   4.6060962e-01   6.0522114e-01   4.1339751e-01   9.6603257e-02   6.3075951e-01   4.3095515e-01   9.6603257e-02   3.5230506e-01   4.2387896e-01   3.1683904e-01   5.6128715e-01   4.1720813e-01   5.2365526e-01   5.3438840e-01   3.3801968e-01
   7.1113979e-01   6.0485389e-01   3.6610670e-01   3.6610670e-01   5.4065852e-01   4.8687132e-01   9.6603257e-02   5.6333567e-01   4.6316843e-01   9.6603257e-02   4.7666849e-01   5.1008261e-01   4.0453105e-01   3.0608918e-01   4.9797370e-01   5.1909637e-01   4.0275185e-01   2.9281980e-01
   6.4870080e-01   6.5586559e-01   3.3466148e-01   3.5601396e-01   5.9650186e-01   4.1898677e-01   2.7574623e-01   5.6951261e-01   4.2500313e-01   9.6603257e-02   3.2312132e-01   4.5329239e-01   3.2726643e-01   4.3952388e-01   5.0419532e-01   4.8550859e-01   2.9608251e-01   3.9006947e-01
   4.7382201e-01   4.9012865e-01   3.7725294e-01   4.0424548e-01   5.4539224e-01   3.7725294e-01   9.6603257e-02   6.1528028e-01   4.2277316e-01   9.6603257e-02   5.0542929e-01   3.7725294e-01   9.6603257e-02   4.3935044e-01   3.7725294e-01   4.8852304e-01   4.2794208e-01   3.7349527e-01
   4.4018730e-01   5.8285852e-01   5.9614473e-01   5.9614473e-01   6.7916835e-01   4.5429394e-01   9.6603257e-02   6.0707856e-01   4.6516626e-01   2.9341542e-01   3.1831648e-01   4.4018730e-01   3.1099913e-01   4.9099088e-01   4.0633284e-01   3.8934483e-01   3.8934483e-01   5.1055931e-01
   5.7184284e-01   5.7955492e-01   2.5215459e-01   3.6058344e-01   4.9321906e-01   4.9578983e-01   9.6603257e-02   5.6128715e-01   5.7558878e-01   9.6603257e-02   6.2128061e-01   3.1598801e-01   3.7748346e-01   3.7748346e-01   5.0296012e-01   5.1770851e-01   3.1598801e-01   5.3396858e-01
   6.0151188e-01   6.6713876e-01   5.5051861e-01   5.3270729e-01   6.0306285e-01   4.9095859e-01   9.6603257e-02   6.8276408e-01   4.4052988e-01   9.6603257e-02   4.6146282e-01   5.5051861e-01   4.0126772e-01   5.1768670e-01   5.1782039e-01   7.4078423e-01   5.6858974e-01   5.0919598e-01
   5.9420772e-01   5.2960956e-01   3.0024290e-01   3.1233781e-01   6.4855276e-01   4.9872241e-01   9.6603257e-02   6.2489280e-01   3.6083985e-01   9.6603257e-02   3.4857684e-01   5.0296435e-01   5.0782477e-01   5.8078958e-01   4.8097298e-01   5.7198231e-01   5.0782477e-01   4.9826602e-01
   4.3538834e-01   4.3538834e-01   3.1627818e-01   3.1627818e-01   6.2088706e-01   5.1034157e-01   9.6603257e-02   7.4937458e-01   3.5096771e-01   9.6603257e-02   3.3468383e-01   4.4790570e-01   5.2731803e-01   4.8922277e-01   4.3583069e-01   4.8675277e-01   5.5902198e-01   5.0327193e-01
   6.4456691e-01   6.1353853e-01   4.0224090e-01   4.5514850e-01   6.7651485e-01   4.2031153e-01   9.6603257e-02   6.4856584e-01   4.7845371e-01   9.6603257e-02   4.5061297e-01   3.5664934e-01   3.1947631e-01   5.0679960e-01   5.7919280e-01   5.4067273e-01   4.6817070e-01   3.1785793e-01
   5.7452927e-01   5.1958334e-01   3.8965252e-01   4.1183322e-01   6.3296629e-01   4.5920428e-01   9.6603257e-02   6.0660032e-01   4.1928696e-01   9.6603257e-02   2.6271398e-01   3.3443504e-01   3.4258271e-01   4.3673071e-01   4.5155286e-01   4.3966265e-01   3.9752022e-01   2.7527582e-01
   6.5183655e-01   5.7078097e-01   4.3061936e-01   4.8513115e-01   7.4040092e-01   5.7276172e-01   1.3297337e-01   5.9908982e-01   4.7052292e-01   9.6603257e-02   3.4253903e-01   3.7134630e-01   9.6603257e-02   5.0650268e-01   5.6571640e-01   5.2798968e-01   4.5180796e-01   3.7178798e-01
   7.4031162e-01   6.1013857e-01   3.4953635e-01   3.6050145e-01   5.8489406e-01   4.2733049e-01   9.6603257e-02   5.3869970e-01   4.1499904e-01   9.6603257e-02   3.0606629e-01   3.4953635e-01   3.2611693e-01   4.7554306e-01   4.8100719e-01   7.0395371e-01   3.6599791e-01   5.0801102e-01
   6.7965282e-01   7.4076552e-01   5.2717929e-01   5.9168774e-01   5.7437418e-01   5.0487724e-01   2.7498558e-01   4.7626208e-01   4.8961177e-01   9.6603257e-02   2.8701639e-01   3.9137665e-01   4.5036699e-01   4.0071979e-01   5.7714598e-01   5.8086567e-01   3.7989065e-01   3.0336403e-01
   5.0167117e-01   6.1288437e-01   5.0167117e-01   5.0167117e-01   5.3038308e-01   5.8726889e-01   9.6603257e-02   6.1671775e-01   3.5308961e-01   9.6603257e-02   5.2623198e-01   5.0167117e-01   3.4990138e-01   3.4887322e-01   5.0899883e-01   6.5543382e-01   9.6603257e-02   5.3253557e-01
   6.2111396e-01   5.7653442e-01   3.4369474e-01   3.6460683e-01   6.3013290e-01   4.3191887e-01   9.6603257e-02   5.7167792e-01   3.9087322e-01   9.6603257e-02   3.1540666e-01   3.0631421e-01   3.2814317e-01   4.8482793e-01   4.6765796e-01   5.2114359e-01   3.7327738e-01   2.9886669e-01
   5.8035524e-01   5.1094418e-01   4.4193224e-01   3.8751206e-01   5.6489599e-01   4.8446663e-01   9.6603257e-02   6.9741790e-01   4.1828985e-01   2.5215459e-01   3.4053569e-01   4.2521261e-01   3.6320689e-01   4.2992232e-01   5.3579202e-01   4.8964798e-01   4.5015456e-01   3.3002434e-01
   6.4544981e-01   6.2799790e-01   4.3034571e-01   4.2699966e-01   4.7929418e-01   3.7830273e-01   9.6603257e-02   5.6461166e-01   3.9497519e-01   9.6603257e-02   3.5273798e-01   3.1106074e-01   3.7830273e-01   4.0424548e-01   4.3034571e-01   4.0004598e-01   3.3833431e-01   3.1106074e-01
   6.2125969e-01   5.2892178e-01   3.7211069e-01   3.9062994e-01   5.7265477e-01   5.1916235e-01   9.6603257e-02   5.2600695e-01   3.9062994e-01   9.6603257e-02   4.5111306e-01   3.4990138e-01   4.6633321e-01   4.6854034e-01   4.3305814e-01   6.2960060e-01   4.6633321e-01   3.5554578e-01
   6.2089192e-01   5.3398041e-01   3.5202763e-01   4.1583607e-01   6.3442553e-01   4.2309930e-01   9.6603257e-02   6.9490454e-01   3.8225457e-01   9.6603257e-02   3.4847334e-01   3.3103210e-01   3.4847334e-01   5.5433768e-01   4.2309930e-01   6.2799790e-01   5.1633955e-01   3.6971791e-01
   4.7788797e-01   5.6710146e-01   9.6603257e-02   3.9396853e-01   5.1351960e-01   3.8155820e-01   9.6603257e-02   6.7610864e-01   5.2827415e-01   9.6603257e-02   3.9006778e-01   5.2037568e-01   5.7106437e-01   5.2792842e-01   3.9396853e-01   4.6642031e-01   5.5109511e-01   3.0484964e-01
   5.7027309e-01   6.4131177e-01   3.7001862e-01   4.0304699e-01   6.7237360e-01   3.8420533e-01   9.6603257e-02   6.7118460e-01   4.4971541e-01   9.6603257e-02   9.6603257e-02   3.3847621e-01   3.1717796e-01   5.8720625e-01   4.0175250e-01   5.1988325e-01   5.1389477e-01   4.7089591e-01
   4.7674623e-01   5.5396567e-01   4.9663605e-01   4.9663605e-01   6.2786440e-01   4.8373893e-01   9.6603257e-02   7.4823727e-01   5.2920490e-01   9.6603257e-02   9.6603257e-02   4.9663605e-01   3.8276461e-01   5.8401977e-01   4.8373893e-01   5.9155758e-01   6.0182557e-01   5.2920490e-01
   6.1630056e-01   7.4224719e-01   3.4990138e-01   3.4990138e-01   6.7014785e-01   4.4907430e-01   9.6603257e-02   6.3353597e-01   3.0854710e-01   9.6603257e-02   9.6603257e-02   3.5754903e-01   5.3082395e-01   4.9333909e-01   4.9333909e-01   5.6240811e-01   5.6004135e-01   6.0255304e-01
   4.8390933e-01   5.9672094e-01   3.6321406e-01   3.7832735e-01   6.1431519e-01   4.0410730e-01   9.6603257e-02   6.6458137e-01   5.6879312e-01   9.6603257e-02   3.0260329e-01   5.1307932e-01   3.7832735e-01   4.9029869e-01   4.6750343e-01   4.7790278e-01   4.2578460e-01   3.1719878e-01
   5.5105692e-01   5.1953285e-01   5.2496831e-01   3.7628085e-01   6.2031076e-01   3.7812474e-01   9.6603257e-02   7.3184696e-01   4.8999360e-01   9.6603257e-02   5.6898739e-01   4.5792639e-01   4.9869426e-01   4.8054825e-01   5.4102989e-01   5.1816006e-01   4.5792639e-01   5.1226476e-01
   5.9053193e-01   5.6164741e-01   4.4294037e-01   4.4489560e-01   6.9233422e-01   4.9515801e-01   9.6603257e-02   5.7733555e-01   3.9481227e-01   3.1032712e-01   4.0923777e-01   4.0165458e-01   3.6107516e-01   4.9308150e-01   5.0687788e-01   5.6521137e-01   3.4708184e-01   3.7209604e-01
   6.0078833e-01   5.6584205e-01   2.6170277e-01   3.6778720e-01   5.1866753e-01   5.2047925e-01   9.6603257e-02   7.2417449e-01   4.6066971e-01   9.6603257e-02   3.3373909e-01   5.3764313e-01   5.0962477e-01   4.1668316e-01   4.3423502e-01   4.4273677e-01   6.6011385e-01   5.0962477e-01
   5.1055005e-01   6.0475415e-01   5.0688572e-01   5.4385893e-01   5.4861924e-01   3.6711092e-01   9.6603257e-02   6.2222985e-01   3.9757074e-01   9.6603257e-02   3.5233468e-01   4.5740281e-01   9.6603257e-02   4.8924315e-01   5.5167528e-01   5.0000000e-01   3.5233468e-01   3.5233468e-01
   6.5433547e-01   5.5725351e-01   3.7469237e-01   4.3940312e-01   6.2525542e-01   3.7855619e-01   9.6603257e-02   5.4352371e-01   4.3939726e-01   9.6603257e-02   3.0616914e-01   3.6549958e-01   3.0980031e-01   5.0685155e-01   3.9740224e-01   5.0800020e-01   3.0980031e-01   3.1530990e-01
   5.5667732e-01   5.1194663e-01   5.1255656e-01   4.3141955e-01   5.6741489e-01   5.3261712e-01   9.6603257e-02   6.9036596e-01   4.2472076e-01   9.6603257e-02   4.2472076e-01   4.8531410e-01   5.3006325e-01   4.7163445e-01   4.9827628e-01   6.2039983e-01   3.2901694e-01   3.5689445e-01
   6.1890131e-01   5.7601214e-01   4.8225356e-01   4.3150562e-01   6.4913505e-01   6.4563806e-01   9.6603257e-02   5.8994931e-01   4.9353135e-01   9.6603257e-02   1.5941839e-01   3.0969715e-01   4.8999360e-01   3.7239293e-01   4.8824113e-01   4.5933466e-01   3.0266473e-01   3.4656249e-01
   6.7029595e-01   6.0883988e-01   5.6004135e-01   6.0674010e-01   6.3816911e-01   6.6355261e-01   9.6603257e-02   5.5803779e-01   5.3082395e-01   9.6603257e-02   5.3082395e-01   5.6004135e-01   9.6603257e-02   6.0255304e-01   4.2273383e-01   7.0348085e-01   9.6603257e-02   3.5160860e-01
   5.5904926e-01   5.3717000e-01   3.0758300e-01   3.3989145e-01   6.2861969e-01   4.0416205e-01   9.6603257e-02   6.4858530e-01   4.2009543e-01   9.6603257e-02   2.7282049e-01   3.6130963e-01   3.2324931e-01   5.4998434e-01   4.6743503e-01   4.8375467e-01   3.5907838e-01   3.8082764e-01
   7.2145133e-01   6.9517656e-01   5.9150316e-01   5.4530790e-01   7.1055507e-01   5.5863860e-01   9.6603257e-02   6.8836067e-01   6.5402117e-01   9.6603257e-02   4.6278863e-01   5.1268037e-01   3.9563801e-01   5.9939278e-01   6.1431378e-01   5.9356625e-01   5.1277663e-01   4.0879489e-01
   5.5394625e-01   5.3145966e-01   5.5877345e-01   5.8864851e-01   6.8941134e-01   4.9056991e-01   1.5941839e-01   5.8938114e-01   4.7794049e-01   9.6603257e-02   5.4752559e-01   5.5877345e-01   9.6603257e-02   6.1771738e-01   4.0408272e-01   5.3451525e-01   5.2496831e-01   4.8225356e-01
   6.5873962e-01   5.6543514e-01   4.5729703e-01   3.6806568e-01   7.4028006e-01   4.5423174e-01   9.6603257e-02   5.7460435e-01   3.8800359e-01   9.6603257e-02   3.2190794e-01   4.5729703e-01   3.0462506e-01   5.5803779e-01   5.1821881e-01   6.0691858e-01   5.2697043e-01   2.8913271e-01
   5.6072128e-01   6.2293284e-01   5.1067824e-01   5.3689645e-01   5.5663453e-01   4.8466742e-01   9.6603257e-02   5.2809928e-01   5.1740837e-01   3.0199150e-01   5.2669167e-01   4.4519779e-01   3.9836859e-01   4.0254488e-01   5.1853890e-01   5.1125832e-01   4.8758700e-01   4.2878315e-01
   6.2489280e-01   5.9083480e-01   5.1975277e-01   5.0238144e-01   7.4070821e-01   4.4653889e-01   9.6603257e-02   5.6128715e-01   4.8265695e-01   3.0657987e-01   4.4516482e-01   3.8979045e-01   3.4744973e-01   4.9332062e-01   6.3458139e-01   5.3654177e-01   4.7882314e-01   4.4766110e-01
   6.3801097e-01   7.3907330e-01   5.2762520e-01   4.8011507e-01   4.6314822e-01   4.2495133e-01   9.6603257e-02   6.7798380e-01   5.9537186e-01   9.6603257e-02   3.1836996e-01   3.7637661e-01   4.7917472e-01   5.0948815e-01   5.0206281e-01   5.9575452e-01   5.1610603e-01   3.3202317e-01
   5.1416107e-01   4.7107631e-01   4.4432866e-01   4.0126772e-01   5.2110856e-01   4.5926865e-01   3.1036087e-01   7.4200540e-01   3.8613836e-01   9.6603257e-02   4.0826695e-01   4.4996905e-01   3.4452109e-01   5.2561455e-01   3.8522010e-01   5.7677676e-01   3.6888718e-01   3.3965258e-01
   5.8835083e-01   5.9802364e-01   3.6805730e-01   3.9852454e-01   5.6248251e-01   4.3309615e-01   9.6603257e-02   6.6271313e-01   3.3833431e-01   9.6603257e-02   5.2628009e-01   3.6805730e-01   3.1106074e-01   4.6458169e-01   5.3145966e-01   5.6971763e-01   5.2628009e-01   5.2628009e-01
   5.7938069e-01   6.5766059e-01   4.6521186e-01   4.3809123e-01   4.9704814e-01   3.6324428e-01   9.6603257e-02   5.4508176e-01   5.3916592e-01   1.3452598e-01   2.7367945e-01   3.3909658e-01   3.2160376e-01   3.8111372e-01   4.3423739e-01   4.3824574e-01   3.2005048e-01   3.6942217e-01
   6.3199558e-01   7.1904092e-01   4.2496922e-01   5.2037568e-01   5.6210049e-01   4.7788797e-01   9.6603257e-02   6.8742853e-01   4.2675777e-01   9.6603257e-02   3.0484964e-01   5.2037568e-01   3.5989395e-01   5.5305985e-01   6.0135658e-01   5.7866750e-01   6.0815788e-01   5.2037568e-01
   5.9935370e-01   5.6064723e-01   3.6863268e-01   3.6863268e-01   6.0588550e-01   5.8994931e-01   2.8440002e-01   5.8694604e-01   5.3772940e-01   9.6603257e-02   2.9767223e-01   3.1719878e-01   4.2018803e-01   3.8511775e-01   4.3960556e-01   5.8830607e-01   3.0793152e-01   4.3148836e-01
   6.0530503e-01   5.7807790e-01   4.4826622e-01   4.4826622e-01   6.2168815e-01   4.7831998e-01   9.6603257e-02   7.0005230e-01   4.9218661e-01   9.6603257e-02   5.1055931e-01   9.6603257e-02   4.0983908e-01   6.3993310e-01   3.9124973e-01   4.4018730e-01   3.7206528e-01   2.5215459e-01
   5.9836357e-01   6.8677570e-01   5.1389477e-01   5.3970779e-01   5.0844612e-01   3.6123156e-01   9.6603257e-02   7.4371621e-01   5.1389477e-01   9.6603257e-02   5.3970779e-01   5.3970779e-01   9.6603257e-02   5.8861671e-01   4.5685246e-01   4.1733934e-01   6.3759858e-01   5.1389477e-01
   7.3002491e-01   6.5175567e-01   3.8791101e-01   4.2850350e-01   4.1955846e-01   4.3837481e-01   9.6603257e-02   6.3357044e-01   4.6330327e-01   9.6603257e-02   3.5308961e-01   3.8479941e-01   4.1563838e-01   3.8791101e-01   5.7936632e-01   6.8422350e-01   5.3253557e-01   5.3253557e-01
   5.7293124e-01   5.3194871e-01   4.5209947e-01   4.6786578e-01   4.8039818e-01   4.6786578e-01   3.2052379e-01   7.3536691e-01   4.3698596e-01   9.6603257e-02   3.1277434e-01   3.6188758e-01   3.5034178e-01   5.2395048e-01   4.1151626e-01   4.4566232e-01   3.6188758e-01   2.8366555e-01
   6.6412270e-01   5.7566208e-01   4.3675823e-01   4.6789192e-01   5.9920052e-01   3.9145066e-01   9.6603257e-02   4.4896508e-01   4.2143803e-01   9.6603257e-02   3.7362071e-01   3.2433551e-01   3.5116394e-01   4.3069663e-01   5.5926487e-01   5.7474258e-01   2.3247238e-01   4.9700188e-01
   5.9686346e-01   6.1876228e-01   5.3262907e-01   5.0852831e-01   6.1357273e-01   4.1419378e-01   9.6603257e-02   6.1558911e-01   4.5627356e-01   9.6603257e-02   3.2632534e-01   5.0115406e-01   5.3262907e-01   5.5614575e-01   4.8743841e-01   6.3664034e-01   5.2673734e-01   5.0104026e-01
   6.5040071e-01   4.8502723e-01   5.1970901e-01   3.9256504e-01   6.9667155e-01   5.1573968e-01   9.6603257e-02   5.9477943e-01   3.5838042e-01   9.6603257e-02   4.4369872e-01   5.1970901e-01   4.4226093e-01   5.9531726e-01   4.4780803e-01   6.0101254e-01   4.3726016e-01   3.1797683e-01
   5.9721040e-01   6.3830626e-01   6.6352590e-01   6.6352590e-01   5.8191959e-01   4.7904794e-01   9.6603257e-02   6.4493553e-01   5.3782723e-01   9.6603257e-02   3.3484930e-01   6.6870222e-01   9.6603257e-02   6.3814667e-01   4.1836618e-01   5.1898164e-01   3.4990138e-01   5.2037568e-01
   5.7768485e-01   5.5244385e-01   3.3250316e-01   3.7948578e-01   7.2634290e-01   3.9168799e-01   9.6603257e-02   6.7637375e-01   4.4353662e-01   9.6603257e-02   3.1924264e-01   3.3250316e-01   4.1694278e-01   6.5125806e-01   4.6812800e-01   4.6408146e-01   3.0922471e-01   2.9871440e-01
   7.3989679e-01   6.4149492e-01   3.4001229e-01   3.9396853e-01   5.0570815e-01   5.3145966e-01   9.6603257e-02   6.1991667e-01   2.5215459e-01   9.6603257e-02   2.5215459e-01   3.4001229e-01   5.1931697e-01   4.1217739e-01   5.7902562e-01   7.4010881e-01   4.4808896e-01   5.1211515e-01
   4.9709338e-01   5.8861671e-01   4.5284223e-01   4.2357448e-01   5.4496505e-01   5.2427188e-01   9.6603257e-02   7.3889068e-01   4.6133506e-01   9.6603257e-02   1.6563646e-01   4.7345542e-01   3.6150476e-01   4.9709338e-01   4.0946201e-01   4.0818276e-01   5.1732451e-01   4.4434160e-01
   6.2362613e-01   5.3145966e-01   3.6039289e-01   4.0126772e-01   6.2335037e-01   5.1661688e-01   9.6603257e-02   6.3718986e-01   3.6164543e-01   9.6603257e-02   3.4515128e-01   3.6039289e-01   4.3133943e-01   5.1238112e-01   4.8389397e-01   5.9535000e-01   4.8796817e-01   3.0839556e-01
   6.7950238e-01   6.6305790e-01   5.0729185e-01   5.1771150e-01   6.8362103e-01   6.6995683e-01   9.6603257e-02   6.9163692e-01   5.5184845e-01   9.6603257e-02   5.1651807e-01   4.2489592e-01   5.2037468e-01   5.2620341e-01   5.8170399e-01   6.2416494e-01   5.5796884e-01   4.9818874e-01
   5.5082907e-01   6.4568097e-01   6.1014474e-01   6.3748806e-01   5.7308888e-01   5.3656644e-01   9.6603257e-02   6.7090939e-01   5.4241015e-01   9.6603257e-02   9.6603257e-02   5.8304139e-01   3.7262844e-01   5.4241015e-01   3.5794957e-01   6.7584890e-01   5.8304139e-01   5.2253978e-01
   5.6480299e-01   6.2520599e-01   5.1568323e-01   5.3564250e-01   5.9353063e-01   4.5194393e-01   9.6603257e-02   6.4830681e-01   5.1368251e-01   9.6603257e-02   4.5629946e-01   3.9200328e-01   3.8167778e-01   4.5893575e-01   4.7240091e-01   5.7216322e-01   4.6761215e-01   4.3523188e-01
   5.5803779e-01   5.6195338e-01   4.8543519e-01   4.8543519e-01   5.5583561e-01   6.1443299e-01   9.6603257e-02   7.5946869e-01   5.1558130e-01   9.6603257e-02   3.9546955e-01   3.0072269e-01   5.0584519e-01   5.5566918e-01   4.9648204e-01   5.8648264e-01   5.7304303e-01   5.1055931e-01
   5.3385052e-01   5.6922092e-01   5.3855835e-01   5.1036809e-01   5.3385052e-01   5.7627154e-01   9.6603257e-02   6.2192716e-01   5.1036809e-01   9.6603257e-02   5.1036809e-01   5.3855835e-01   9.6603257e-02   4.9699248e-01   3.9743248e-01   6.1758740e-01   3.9743248e-01   5.3855835e-01
   6.3892870e-01   5.8057285e-01   5.6589282e-01   5.0928215e-01   5.4257572e-01   6.5009862e-01   9.6603257e-02   6.8150600e-01   3.8276461e-01   9.6603257e-02   3.6150476e-01   5.6589282e-01   3.3299458e-01   5.6098771e-01   4.2389396e-01   6.9586441e-01   5.6589282e-01   5.1526297e-01
   6.8009912e-01   5.8901987e-01   3.9905824e-01   3.7793601e-01   6.6554646e-01   4.5209947e-01   9.6603257e-02   5.2002140e-01   3.8301349e-01   2.5215459e-01   3.0989672e-01   3.2734447e-01   3.5117315e-01   4.6670317e-01   5.5604801e-01   5.1286927e-01   3.6646392e-01   3.4656249e-01
   5.3363868e-01   5.3145966e-01   4.6655312e-01   3.9857359e-01   5.7698426e-01   4.1005069e-01   9.6603257e-02   6.0337095e-01   3.9423727e-01   9.6603257e-02   5.1759035e-01   3.6512619e-01   9.6603257e-02   4.5455644e-01   4.1937833e-01   5.8982356e-01   5.3180321e-01   3.5336240e-01
   5.2530933e-01   4.9945833e-01   4.3917826e-01   4.9792305e-01   6.0308889e-01   4.2711818e-01   9.6603257e-02   5.2870659e-01   3.7662000e-01   9.6603257e-02   3.3186385e-01   4.7232401e-01   3.3701586e-01   4.7389361e-01   3.9186358e-01   5.3943250e-01   3.5208953e-01   3.0086415e-01
   4.8871783e-01   4.6477647e-01   4.2794851e-01   4.9253666e-01   5.2374536e-01   4.5455644e-01   9.6603257e-02   7.3053449e-01   3.6770234e-01   9.6603257e-02   5.5666866e-01   4.2794851e-01   4.8009360e-01   5.5892824e-01   3.7438974e-01   6.6189515e-01   3.3401248e-01   3.0839556e-01
   6.6587274e-01   6.1797698e-01   4.1505095e-01   4.3173063e-01   7.4070640e-01   5.0928215e-01   9.6603257e-02   6.1214372e-01   4.5903927e-01   9.6603257e-02   3.3202317e-01   4.1505095e-01   3.1836996e-01   5.8049278e-01   5.0928215e-01   6.4401697e-01   5.2818215e-01   5.3467206e-01
   6.3053525e-01   6.6116502e-01   4.6766404e-01   5.4523346e-01   6.2190578e-01   5.3323667e-01   9.6603257e-02   6.3731744e-01   4.3345764e-01   3.2074490e-01   2.8801341e-01   4.5545393e-01   4.5956657e-01   5.3014506e-01   5.2807256e-01   5.9504257e-01   2.9865762e-01   4.9782223e-01
   6.8118386e-01   5.8849594e-01   3.2517879e-01   3.5543818e-01   6.5127047e-01   5.1868015e-01   9.6603257e-02   5.8617654e-01   4.1269227e-01   9.6603257e-02   5.1845358e-01   3.3739217e-01   3.0278193e-01   3.8866909e-01   5.1450817e-01   4.5849774e-01   5.1845358e-01   4.7921204e-01
   6.2591165e-01   5.9849907e-01   4.2090270e-01   4.4606139e-01   6.2542199e-01   5.7866536e-01   9.6603257e-02   6.1642841e-01   4.4421039e-01   9.6603257e-02   4.5225392e-01   3.4550960e-01   6.3235358e-01   5.6461745e-01   5.3078963e-01   6.5173137e-01   3.7011131e-01   4.2635258e-01
   6.0900485e-01   5.4060851e-01   3.3401343e-01   3.6100996e-01   5.7722684e-01   5.5328401e-01   9.6603257e-02   8.0460442e-01   3.9606255e-01   9.6603257e-02   3.8439772e-01   4.7482192e-01   5.9017195e-01   5.8464827e-01   4.6271704e-01   5.9575452e-01   5.4127109e-01   9.6603257e-02
   7.3515625e-01   7.3557751e-01   3.2405711e-01   3.6106883e-01   5.7980219e-01   4.2166815e-01   9.6603257e-02   5.0531448e-01   4.2282123e-01   9.6603257e-02   2.7165477e-01   3.2672342e-01   3.1734484e-01   4.0567460e-01   4.0315334e-01   5.1425028e-01   4.0966863e-01   3.4688430e-01
   5.9530396e-01   5.7570297e-01   4.4609351e-01   4.9444002e-01   6.2205608e-01   4.6519627e-01   2.6145651e-01   6.5255293e-01   4.8114480e-01   2.6493248e-01   3.5151390e-01   4.8402023e-01   3.7098881e-01   5.2667441e-01   5.3001048e-01   5.2338999e-01   4.3843370e-01   4.3027537e-01
   6.0995907e-01   5.8006340e-01   4.8446066e-01   4.8389397e-01   4.8446066e-01   5.2209644e-01   9.6603257e-02   6.7282126e-01   5.1801873e-01   9.6603257e-02   5.1157423e-01   4.1017644e-01   3.3865133e-01   4.4549875e-01   4.2794851e-01   7.2068112e-01   5.1801873e-01   9.6603257e-02
   7.4713121e-01   6.1605003e-01   4.2655113e-01   3.7523568e-01   5.1711459e-01   5.0791679e-01   9.6603257e-02   5.9840468e-01   4.8127294e-01   9.6603257e-02   4.5351233e-01   3.1194421e-01   3.8475566e-01   4.5144958e-01   5.6105889e-01   6.3995479e-01   4.9768495e-01   2.8637187e-01
   6.6650964e-01   5.6745076e-01   4.4069489e-01   3.1826929e-01   5.4998190e-01   4.8483002e-01   9.6603257e-02   5.8935667e-01   3.5578561e-01   2.9124739e-01   3.4711012e-01   3.1744147e-01   3.5148921e-01   4.8979017e-01   6.2154187e-01   5.4821568e-01   4.9388841e-01   4.3124083e-01
   6.9472969e-01   6.0826462e-01   3.6549103e-01   3.8787790e-01   5.9800256e-01   4.8924060e-01   2.5215459e-01   5.6530527e-01   4.7668475e-01   3.0212306e-01   3.7175153e-01   3.1693417e-01   3.6397911e-01   4.1710229e-01   5.0507564e-01   5.4522990e-01   4.3068486e-01   2.9393223e-01
   4.3389890e-01   3.8162934e-01   3.1314925e-01   5.0104026e-01   4.9583825e-01   5.2893712e-01   9.6603257e-02   7.3984763e-01   2.9715842e-01   5.0104026e-01   3.6425479e-01   5.0104026e-01   3.6304878e-01   4.1692600e-01   3.3829713e-01   5.8914871e-01   3.0941006e-01   2.6188810e-01
   4.8574844e-01   4.1644943e-01   4.2115216e-01   3.5934255e-01   6.3604511e-01   4.2402030e-01   9.6603257e-02   7.2686353e-01   3.5934255e-01   4.9299550e-01   3.4414166e-01   2.8491562e-01   4.2442598e-01   4.6886179e-01   3.7618086e-01   5.2058074e-01   3.9584110e-01   3.5166841e-01
   7.0041369e-01   6.0110815e-01   3.2981842e-01   3.6088826e-01   5.7778536e-01   4.2967078e-01   9.6603257e-02   5.7147735e-01   3.4745754e-01   4.9429563e-01   3.2706905e-01   4.1538050e-01   4.2122411e-01   4.8266759e-01   4.9931213e-01   5.5713726e-01   4.9197000e-01   3.8390634e-01
   5.2797210e-01   4.4053054e-01   3.1400167e-01   3.1400167e-01   6.4081909e-01   5.6123103e-01   9.6603257e-02   7.3099879e-01   4.9583931e-01   3.8054367e-01   3.4656033e-01   3.1400167e-01   4.1857527e-01   3.7757917e-01   4.8463479e-01   6.5057496e-01   3.8197545e-01   4.4394326e-01
   5.0658124e-01   4.4630291e-01   3.3876617e-01   3.3703368e-01   6.9568658e-01   5.3868149e-01   4.1930437e-01   7.3020022e-01   4.6302374e-01   4.5758112e-01   3.7934777e-01   4.0362064e-01   4.5266867e-01   5.4876390e-01   4.0835871e-01   5.5783465e-01   3.7787636e-01   2.7751263e-01
   6.1387361e-01   3.9460765e-01   3.1627818e-01   3.1627818e-01   5.6011003e-01   6.9670701e-01   9.6603257e-02   7.4110051e-01   5.0327193e-01   3.8593563e-01   3.1622336e-01   2.8002076e-01   5.7020711e-01   5.5315547e-01   3.3724603e-01   6.3979516e-01   5.0327193e-01   4.3073657e-01
   5.7376234e-01   5.0618321e-01   3.8143466e-01   3.5742230e-01   5.9236191e-01   4.6731080e-01   9.6603257e-02   7.3097387e-01   4.0658540e-01   3.0207808e-01   3.8918354e-01   4.2553222e-01   3.7383775e-01   4.9555347e-01   4.0450963e-01   5.5406462e-01   4.0876303e-01   3.7759981e-01
   6.2780541e-01   6.5630905e-01   4.2244578e-01   3.8171993e-01   5.5168329e-01   4.9937536e-01   9.6603257e-02   4.9928196e-01   3.1876435e-01   5.3195016e-01   3.2989553e-01   3.4990138e-01   4.6232670e-01   3.9370597e-01   4.2128336e-01   5.0655723e-01   4.7694686e-01   4.2277120e-01
   3.6039289e-01   4.5106163e-01   5.4091201e-01   3.7208840e-01   7.0742963e-01   6.9243881e-01   9.6603257e-02   6.8514754e-01   4.1016851e-01   5.4091201e-01   9.6603257e-02   4.0126772e-01   5.9575452e-01   4.8305057e-01   4.5106163e-01   3.5040469e-01   9.6603257e-02   9.6603257e-02
   5.0576442e-01   4.7248200e-01   3.7001844e-01   3.6360116e-01   5.6680091e-01   5.4716610e-01   3.6192470e-01   6.9457120e-01   3.7637691e-01   3.2067079e-01   3.3912711e-01   3.1784117e-01   4.6895348e-01   4.4586172e-01   4.2430489e-01   5.3320538e-01   3.6532016e-01   4.3432240e-01
   3.7026827e-01   4.9734329e-01   2.7140421e-01   3.2537199e-01   5.9956362e-01   4.8980121e-01   3.9545175e-01   7.3893268e-01   3.5688612e-01   4.7556814e-01   3.6449229e-01   4.7239665e-01   4.7503130e-01   5.3286934e-01   5.1828439e-01   4.5413499e-01   4.2270102e-01   4.3005927e-01
   4.3477816e-01   4.2659861e-01   3.4143984e-01   3.4809432e-01   5.2429632e-01   4.4107951e-01   4.9434101e-01   7.4021977e-01   4.2295539e-01   4.9421071e-01   3.8489672e-01   4.0356719e-01   4.8362016e-01   5.1132296e-01   4.2794851e-01   5.4259909e-01   5.1179350e-01   4.1762454e-01
   5.4973995e-01   4.8898079e-01   4.8898079e-01   3.5373019e-01   5.9201607e-01   6.0925245e-01   9.6603257e-02   7.4437337e-01   4.4705568e-01   5.3438840e-01   3.1192926e-01   9.6603257e-02   9.6603257e-02   5.3735503e-01   4.7466705e-01   5.1710462e-01   4.5628433e-01   5.3438840e-01
   5.5199030e-01   5.5387984e-01   5.1486777e-01   5.0366422e-01   6.1737937e-01   5.9791773e-01   9.6603257e-02   7.7684271e-01   5.3540174e-01   4.8309200e-01   2.9969375e-01   3.2009787e-01   4.8731876e-01   6.4119446e-01   4.4272155e-01   5.6950766e-01   4.6698225e-01   4.9811283e-01
   5.8168910e-01   5.7625939e-01   5.1327158e-01   3.5832130e-01   6.0150222e-01   5.0521253e-01   9.6603257e-02   6.2192716e-01   3.7830273e-01   3.3023257e-01   4.9699248e-01   5.1327158e-01   4.3538834e-01   3.9743248e-01   4.7871562e-01   5.5432338e-01   3.7830273e-01   9.6603257e-02
   5.6593359e-01   4.9554357e-01   4.6979890e-01   4.7869455e-01   7.4552570e-01   5.4081456e-01   4.0640121e-01   6.1859364e-01   3.1607712e-01   2.8559611e-01   4.4070008e-01   3.2941984e-01   3.2941984e-01   4.5544981e-01   5.1819317e-01   4.6040692e-01   5.0801102e-01   9.6603257e-02
   4.4739169e-01   4.2789078e-01   3.3786291e-01   3.3786291e-01   6.2921454e-01   4.3245879e-01   9.6603257e-02   7.3873531e-01   4.5543120e-01   4.5581090e-01   3.1056743e-01   2.6157109e-01   3.6540238e-01   5.2239833e-01   4.2544524e-01   4.5470801e-01   4.0237404e-01   9.6603257e-02
   6.3125116e-01   6.2339424e-01   5.0821433e-01   4.7018674e-01   5.0440610e-01   6.3138389e-01   5.1105609e-01   6.1837066e-01   5.0821433e-01   3.2715691e-01   5.9408336e-01   4.3960217e-01   5.2734351e-01   4.8667882e-01   5.4714219e-01   5.9037784e-01   3.4912670e-01   9.6603257e-02
   6.6545384e-01   4.7246066e-01   2.8041077e-01   3.2686322e-01   5.8249460e-01   4.9863795e-01   9.6603257e-02   6.3115348e-01   3.5302139e-01   4.1943952e-01   3.2950249e-01   2.9948788e-01   3.7932943e-01   4.3334204e-01   3.9150562e-01   5.9793307e-01   4.4073221e-01   3.8457009e-01
   5.6885073e-01   4.9718332e-01   3.5085932e-01   3.7787173e-01   5.7807790e-01   5.2056003e-01   3.1685251e-01   7.3265841e-01   4.7594026e-01   3.2547812e-01   5.2256351e-01   3.1987748e-01   4.6398477e-01   4.1483113e-01   5.3077959e-01   5.6885073e-01   4.7818015e-01   4.0583796e-01
   5.9202986e-01   5.8431064e-01   3.1494216e-01   3.3401248e-01   6.0265698e-01   5.6939136e-01   9.6603257e-02   7.1386943e-01   4.0187749e-01   4.9934069e-01   3.9472162e-01   4.9230857e-01   5.3355722e-01   5.2670929e-01   4.7757902e-01   5.1501194e-01   5.7770218e-01   5.8628204e-01
   5.3582537e-01   5.1670341e-01   3.9905804e-01   3.9905804e-01   5.7600821e-01   5.0781869e-01   9.6603257e-02   7.4655547e-01   5.1082321e-01   5.0268088e-01   3.5258303e-01   3.8364476e-01   5.0854511e-01   6.1005897e-01   4.1961178e-01   5.5230884e-01   5.2965676e-01   2.7927597e-01
   4.1141621e-01   4.5331666e-01   4.6899915e-01   5.2066825e-01   6.9657174e-01   4.8853270e-01   3.0369083e-01   7.4192961e-01   5.4190110e-01   4.9846551e-01   3.3491458e-01   5.0667347e-01   3.2922815e-01   6.0023580e-01   3.6152521e-01   3.9228955e-01   3.7866544e-01   3.2973668e-01
   4.3708900e-01   4.7553623e-01   3.2199289e-01   3.2751352e-01   4.9141154e-01   5.2797175e-01   9.6603257e-02   7.4138658e-01   4.5530077e-01   6.0752286e-01   3.0105172e-01   1.3976952e-01   5.5928160e-01   4.2256307e-01   2.6460091e-01   5.2194664e-01   5.0171629e-01   5.0000459e-01
   4.7401101e-01   4.7280456e-01   2.5927543e-01   3.1625797e-01   4.9211673e-01   5.7768485e-01   3.1237607e-01   7.5591107e-01   3.6468555e-01   4.8836242e-01   3.6721504e-01   1.9430375e-01   5.0776263e-01   5.2543645e-01   3.5749065e-01   5.6066009e-01   4.9945449e-01   9.6603257e-02
   4.7235192e-01   4.7029712e-01   3.2081942e-01   3.0677587e-01   6.6335623e-01   4.8716760e-01   9.6603257e-02   7.3982471e-01   3.3684561e-01   4.9522958e-01   4.2769454e-01   2.8553519e-01   3.7836077e-01   4.5600987e-01   3.9995816e-01   4.7914812e-01   4.3593886e-01   3.0074805e-01
   6.1570681e-01   4.4715987e-01   2.8516736e-01   3.1667776e-01   5.9989758e-01   5.6440794e-01   4.3106289e-01   7.2364122e-01   3.2984873e-01   4.8456420e-01   3.3069587e-01   3.5959509e-01   4.0635096e-01   3.9582214e-01   3.9685569e-01   6.1353609e-01   3.5986073e-01   3.8585666e-01
   4.7273244e-01   4.8001647e-01   3.2787758e-01   3.3388776e-01   5.2961907e-01   4.1566200e-01   9.6603257e-02   7.0774707e-01   3.8318468e-01   4.4018782e-01   3.3723923e-01   2.9467947e-01   3.3865133e-01   4.1693935e-01   4.1702024e-01   4.1079821e-01   4.7056007e-01   4.4018782e-01
   5.8508854e-01   5.8098489e-01   3.8715769e-01   3.8715769e-01   7.0875898e-01   4.7469935e-01   9.6603257e-02   6.0898684e-01   4.7040527e-01   4.8034972e-01   3.9488491e-01   3.9016083e-01   5.0830578e-01   5.6825587e-01   4.1934647e-01   5.7920691e-01   4.3657695e-01   4.6817070e-01
   4.8090024e-01   4.3184202e-01   2.6151404e-01   2.6151404e-01   5.4914747e-01   5.1144618e-01   9.6603257e-02   7.1703281e-01   9.6603257e-02   5.0909572e-01   4.3289651e-01   3.9025950e-01   5.2077129e-01   4.3649810e-01   3.6169374e-01   5.2553416e-01   3.9292320e-01   3.0028557e-01
   5.1915215e-01   3.8137612e-01   3.0538780e-01   2.8983241e-01   5.4787778e-01   5.5604801e-01   2.7743198e-01   7.3602764e-01   3.4492459e-01   3.9261194e-01   4.1187122e-01   3.2223531e-01   3.9970508e-01   4.3090596e-01   3.7627800e-01   5.3934091e-01   3.9301937e-01   2.8034416e-01
   4.7929418e-01   4.6790750e-01   3.5598420e-01   3.3596469e-01   4.6256195e-01   4.3491604e-01   9.6603257e-02   7.3790742e-01   3.7779419e-01   4.9761706e-01   2.8898888e-01   4.0204174e-01   3.5100246e-01   4.6427546e-01   4.6960565e-01   4.9919737e-01   2.9792462e-01   1.5775240e-01
   5.9520195e-01   5.0082925e-01   3.1892323e-01   3.2163798e-01   5.8074497e-01   5.0666956e-01   9.6603257e-02   5.5393231e-01   3.5933908e-01   5.0515938e-01   3.1910762e-01   3.1892323e-01   3.7602942e-01   5.5566826e-01   3.8089325e-01   6.1426494e-01   3.4140067e-01   3.4338292e-01
   5.0767106e-01   4.4835708e-01   3.6356077e-01   3.5154712e-01   5.5363184e-01   6.2339424e-01   9.6603257e-02   7.4206915e-01   4.1273083e-01   3.1275228e-01   3.1863557e-01   3.7805360e-01   4.4835708e-01   4.0197482e-01   3.8697220e-01   5.3881975e-01   3.7581982e-01   3.6637358e-01
   5.3417358e-01   5.2070582e-01   4.4152160e-01   4.1336734e-01   5.9746117e-01   5.8086475e-01   9.6603257e-02   7.5636030e-01   4.9328413e-01   3.7026505e-01   2.9454834e-01   3.1106074e-01   5.7583476e-01   5.8341036e-01   4.7636460e-01   5.8285852e-01   5.0385868e-01   2.8439874e-01
   4.0963668e-01   4.3015658e-01   4.2843025e-01   4.2843025e-01   6.2668805e-01   5.4076627e-01   9.6603257e-02   7.4063515e-01   3.2443949e-01   5.7365740e-01   4.9550288e-01   3.6484240e-01   5.2667874e-01   7.3623912e-01   3.9261194e-01   5.3213230e-01   5.1357424e-01   4.7982085e-01
   5.6320482e-01   4.6758329e-01   5.5534259e-01   5.1105609e-01   5.9425258e-01   5.3632958e-01   3.2715691e-01   7.5243430e-01   5.2432646e-01   2.8891236e-01   6.1897363e-01   5.5534259e-01   6.0603618e-01   5.0821433e-01   4.4028866e-01   5.9343386e-01   3.4912670e-01   4.4966402e-01
   6.5126441e-01   5.8449411e-01   3.2840641e-01   3.4201498e-01   6.0321547e-01   5.9395699e-01   4.1862013e-01   5.7271911e-01   4.4737946e-01   4.9274020e-01   4.4721140e-01   3.4352610e-01   4.8473475e-01   3.6221443e-01   5.5954504e-01   6.0602090e-01   4.2380104e-01   3.6799163e-01
   6.1749088e-01   5.0328192e-01   3.4938960e-01   3.2938487e-01   5.3749925e-01   5.2345910e-01   9.6603257e-02   6.0471538e-01   3.9531951e-01   3.8661808e-01   3.4946379e-01   3.0798397e-01   3.7405752e-01   3.7092941e-01   4.6854034e-01   5.9273986e-01   3.4732978e-01   2.9535795e-01
   6.1943346e-01   5.7711496e-01   5.3946483e-01   5.7346204e-01   7.4180155e-01   5.2776936e-01   4.9293670e-01   5.9029166e-01   5.1626160e-01   4.7676781e-01   3.6954484e-01   5.1642394e-01   3.4768789e-01   5.4378240e-01   5.0958723e-01   6.0041920e-01   3.6232762e-01   3.8050563e-01
   4.6557752e-01   6.1314815e-01   4.7989079e-01   4.7989079e-01   6.8899786e-01   4.9406464e-01   9.6603257e-02   6.6920965e-01   4.9819061e-01   3.1422802e-01   2.5215459e-01   9.6603257e-02   4.3392579e-01   5.3212625e-01   5.4398663e-01   5.0000000e-01   4.9120484e-01   3.1422802e-01
   5.3302308e-01   4.7190249e-01   3.2393584e-01   3.4439358e-01   5.6373882e-01   4.8743939e-01   2.7550734e-01   6.8254360e-01   4.0003012e-01   3.5451273e-01   3.5096575e-01   3.0043440e-01   3.7097488e-01   4.2518415e-01   4.2153435e-01   5.4776156e-01   3.2383668e-01   3.3814334e-01
   3.4990138e-01   3.4990138e-01   3.4594287e-01   3.1569916e-01   5.1791570e-01   6.3641292e-01   9.6603257e-02   7.4339381e-01   4.2273383e-01   5.3082395e-01   3.5160860e-01   5.3082395e-01   5.3082395e-01   4.6222746e-01   3.4990138e-01   5.6004135e-01   5.3082395e-01   9.6603257e-02
   5.2223210e-01   4.3305814e-01   2.8945676e-01   3.0650486e-01   5.7588887e-01   5.6329502e-01   9.6603257e-02   7.3664483e-01   3.5039257e-01   2.7851558e-01   3.1289854e-01   3.1289854e-01   4.4018782e-01   5.5433768e-01   5.4675871e-01   4.3408022e-01   4.1194448e-01   3.0441670e-01
   5.8811934e-01   6.1314815e-01   6.2219695e-01   5.1701185e-01   5.8621907e-01   6.7621946e-01   4.4176491e-01   6.1500299e-01   5.5767213e-01   5.1297262e-01   3.8418163e-01   4.8081592e-01   4.4888002e-01   3.8327055e-01   4.9284588e-01   5.4582814e-01   4.0945398e-01   9.6603257e-02
   4.0413235e-01   5.7621666e-01   9.6603257e-02   5.3855835e-01   4.4993469e-01   4.3538834e-01   9.6603257e-02   7.4370027e-01   3.5832130e-01   3.6802431e-01   3.9743248e-01   5.3855835e-01   4.6522401e-01   6.1924447e-01   3.9743248e-01   5.1055108e-01   3.1604014e-01   9.6603257e-02
   6.1831024e-01   6.5300837e-01   4.8640983e-01   5.0582396e-01   6.2783002e-01   5.8598373e-01   3.4066627e-01   5.9712890e-01   5.9744891e-01   4.2611696e-01   4.2611696e-01   4.5042029e-01   4.8307571e-01   4.8563807e-01   5.1239483e-01   5.8715921e-01   3.0360266e-01   3.2516180e-01
   7.2030598e-01   6.1676415e-01   3.5244095e-01   3.6288419e-01   5.4049556e-01   5.9404020e-01   9.6603257e-02   6.0318539e-01   4.7709389e-01   4.2705290e-01   4.2002143e-01   3.4927803e-01   4.9488575e-01   4.1946534e-01   5.6105889e-01   5.8825855e-01   4.6332189e-01   4.6809286e-01
   5.3079973e-01   5.3667497e-01   4.1005069e-01   4.3342906e-01   5.6824231e-01   4.8796831e-01   9.6603257e-02   7.3697002e-01   4.3020665e-01   2.9060758e-01   3.2570139e-01   3.7558589e-01   3.4618175e-01   3.9933308e-01   4.1824198e-01   4.4354198e-01   3.8294804e-01   3.2344396e-01
   4.6481893e-01   4.3295510e-01   3.2217505e-01   3.1304138e-01   5.3600725e-01   4.7617801e-01   3.0581528e-01   6.9939699e-01   3.8888398e-01   4.0114856e-01   4.1273214e-01   2.9560234e-01   4.5783373e-01   4.0460805e-01   4.3997213e-01   6.1873649e-01   3.1695434e-01   2.8229046e-01
   4.8180252e-01   5.1179806e-01   4.1262494e-01   4.2411543e-01   6.0145710e-01   4.7296378e-01   9.6603257e-02   6.9000477e-01   4.1292837e-01   3.8009867e-01   2.9042021e-01   4.1609282e-01   4.2143597e-01   4.6756195e-01   4.9620801e-01   5.3539973e-01   3.6039289e-01   2.7773006e-01
   3.8983617e-01   5.3719573e-01   5.1049216e-01   5.1034157e-01   5.7626889e-01   4.6333906e-01   9.6603257e-02   7.0055066e-01   4.7921204e-01   5.0327193e-01   3.5096771e-01   5.1329977e-01   4.6128313e-01   5.4679266e-01   3.7832121e-01   4.7081939e-01   4.2295539e-01   3.5414411e-01
   6.4597154e-01   6.2658594e-01   3.5000303e-01   3.4323806e-01   4.9992952e-01   3.6231737e-01   4.3230788e-01   6.7554193e-01   4.3443029e-01   2.8168502e-01   4.5399743e-01   4.3230788e-01   3.5790740e-01   4.8982509e-01   5.3520792e-01   4.4502822e-01   4.2809435e-01   3.1820236e-01
   6.6767405e-01   5.2581525e-01   4.4584157e-01   3.6512619e-01   6.7392956e-01   5.5433768e-01   9.6603257e-02   5.8071045e-01   3.7223342e-01   4.9834472e-01   3.6141860e-01   3.9673882e-01   5.1705260e-01   3.9001953e-01   5.0931042e-01   6.0337095e-01   5.2416662e-01   9.6603257e-02
   5.1148234e-01   5.3908819e-01   4.9297541e-01   4.7321119e-01   5.6253501e-01   4.7538563e-01   9.6603257e-02   7.4231133e-01   4.6115125e-01   4.0048039e-01   3.6422344e-01   5.2539243e-01   4.8222605e-01   5.9507481e-01   4.5530537e-01   5.4197959e-01   5.0927984e-01   3.2675820e-01
   4.1907400e-01   3.6047808e-01   4.9717621e-01   2.6607421e-01   5.9418668e-01   6.4352926e-01   3.3132724e-01   7.4238700e-01   3.0126188e-01   3.1873886e-01   4.3845574e-01   3.6776239e-01   4.5569851e-01   3.3778880e-01   3.7255262e-01   6.0065376e-01   4.2856545e-01   3.0842122e-01
   6.1663075e-01   5.5433768e-01   5.0695098e-01   5.0695098e-01   4.4769730e-01   5.6054801e-01   9.6603257e-02   5.4520037e-01   3.4754381e-01   6.2000376e-01   4.8669302e-01   5.0695098e-01   4.8729039e-01   3.6347175e-01   7.4601637e-01   6.3199997e-01   3.4767909e-01   3.2143083e-01
   6.4224041e-01   5.2917606e-01   3.6856452e-01   3.5637929e-01   5.7753843e-01   5.0482781e-01   2.8067211e-01   6.3807681e-01   4.0129426e-01   2.9268910e-01   3.7684167e-01   4.8737233e-01   3.7590082e-01   4.1170912e-01   5.1366483e-01   5.4503319e-01   4.3753742e-01   3.2220223e-01
   5.4764276e-01   4.9241687e-01   3.4026625e-01   3.4449776e-01   4.5675968e-01   5.4256763e-01   3.3202317e-01   7.3375530e-01   3.5558525e-01   3.0596173e-01   3.5035694e-01   2.8545681e-01   4.0905555e-01   3.7168555e-01   4.0814247e-01   5.6745715e-01   3.8902724e-01   3.6351441e-01
   4.4927937e-01   4.1918766e-01   3.5959682e-01   3.0980031e-01   5.2716374e-01   4.9358281e-01   3.7557730e-01   7.0810056e-01   3.5784788e-01   3.5339911e-01   4.3493741e-01   3.3754299e-01   4.2323437e-01   4.2677244e-01   4.5865738e-01   5.7478206e-01   4.1165879e-01   3.9105649e-01
   5.5871999e-01   4.9787277e-01   3.2788532e-01   3.4466131e-01   5.1984514e-01   5.0399135e-01   3.3299458e-01   7.2180132e-01   3.7269394e-01   3.4765850e-01   3.4092592e-01   3.0774849e-01   3.8593424e-01   4.5411824e-01   4.1286503e-01   5.4770116e-01   4.9124334e-01   3.1070763e-01
   5.0363692e-01   5.1906140e-01   3.8467679e-01   3.8003997e-01   6.0171429e-01   5.1703608e-01   5.0414839e-01   6.7995849e-01   3.8667288e-01   3.0517096e-01   4.4615865e-01   3.2695686e-01   4.6372755e-01   3.8669844e-01   4.2280601e-01   5.2956643e-01   4.5538642e-01   2.6982440e-01
   4.5350148e-01   4.4054074e-01   4.2887409e-01   4.2887409e-01   4.8630820e-01   5.7327260e-01   9.6603257e-02   7.4311438e-01   4.5999765e-01   5.0164745e-01   4.7736899e-01   9.6603257e-02   5.7078097e-01   5.8921525e-01   3.5537848e-01   7.3118379e-01   4.4485269e-01   9.6603257e-02
   5.3797904e-01   5.0257503e-01   4.7598395e-01   3.0934368e-01   5.8220690e-01   5.0590483e-01   3.6759352e-01   7.1662603e-01   3.4629209e-01   4.9711719e-01   3.3091919e-01   3.8954504e-01   4.3318871e-01   3.9720669e-01   4.2456628e-01   4.9778282e-01   3.6100471e-01   2.9678123e-01
   6.0103903e-01   4.5827467e-01   3.4826816e-01   3.5204026e-01   5.5574136e-01   5.0093063e-01   9.6603257e-02   5.8935982e-01   3.6027128e-01   4.9818874e-01   3.3038262e-01   2.9996485e-01   3.9575860e-01   4.1899336e-01   2.9988598e-01   6.9307252e-01   3.1467574e-01   2.8908801e-01
   6.8085178e-01   5.5924242e-01   3.0040062e-01   3.1561912e-01   5.1799075e-01   5.3704161e-01   9.6603257e-02   6.5862965e-01   3.5694167e-01   4.3733792e-01   3.8392250e-01   2.8208090e-01   4.4492315e-01   4.2165649e-01   5.1099288e-01   6.3340022e-01   4.1855220e-01   3.2437241e-01
   7.3544225e-01   6.5017748e-01   3.9324758e-01   3.8276461e-01   4.4779036e-01   4.4811588e-01   9.6603257e-02   6.0289309e-01   4.5101698e-01   4.9768429e-01   3.6320517e-01   3.0844250e-01   4.2974888e-01   3.9887962e-01   5.8725647e-01   6.6057290e-01   4.1618714e-01   3.0844250e-01
   5.5187594e-01   4.9377854e-01   2.8913271e-01   2.8913271e-01   4.6993817e-01   5.3703716e-01   9.6603257e-02   7.2909235e-01   3.9575860e-01   4.3533031e-01   4.0431660e-01   3.6428465e-01   3.9759346e-01   5.2144987e-01   4.5510027e-01   5.1297661e-01   3.3825018e-01   3.2190794e-01
   6.1581665e-01   5.0255899e-01   3.3020026e-01   3.5126329e-01   5.2902573e-01   4.5162511e-01   4.9443506e-01   5.9616424e-01   3.7860957e-01   4.2057079e-01   3.3374480e-01   3.0932257e-01   3.5967363e-01   3.9064909e-01   4.8675749e-01   5.4783755e-01   3.2191360e-01   2.9402720e-01
   7.4365377e-01   7.0265961e-01   4.3832046e-01   5.5552864e-01   6.7930680e-01   6.9189715e-01   9.6603257e-02   7.0253961e-01   5.6366576e-01   4.9842487e-01   5.0782633e-01   3.2265545e-01   5.5552864e-01   5.8593585e-01   6.1886258e-01   7.0958173e-01   4.8066721e-01   4.9842487e-01
   4.7244471e-01   3.7955889e-01   4.5455150e-01   4.3798073e-01   6.2069201e-01   5.8162531e-01   5.0258844e-01   7.4997727e-01   4.0796253e-01   4.9609694e-01   4.1423020e-01   3.6458211e-01   4.8902473e-01   5.8493782e-01   4.7647171e-01   5.4695247e-01   3.1985794e-01   2.9224661e-01
   5.2497282e-01   4.5214686e-01   4.8138913e-01   3.1812261e-01   5.4673895e-01   5.0489485e-01   5.5978474e-01   6.7541716e-01   4.3603802e-01   4.3398158e-01   4.3376568e-01   3.1614118e-01   4.3517937e-01   3.7217699e-01   5.1054112e-01   5.3494739e-01   4.3393412e-01   3.2850536e-01
   5.3459689e-01   5.6339351e-01   5.0459220e-01   3.4483474e-01   5.6112332e-01   4.9530496e-01   4.2541209e-01   7.1848421e-01   4.1350757e-01   5.0334210e-01   3.1855243e-01   4.3647212e-01   4.4023884e-01   4.5334362e-01   4.4636026e-01   4.7575924e-01   4.8601946e-01   4.0648860e-01
   6.2118135e-01   5.5312898e-01   3.8414678e-01   3.8087859e-01   6.4672614e-01   5.4126385e-01   3.0315406e-01   6.0267497e-01   5.1367465e-01   3.5804259e-01   5.1409081e-01   3.5326213e-01   3.9318159e-01   4.3139324e-01   5.7870501e-01   5.5755877e-01   3.5936812e-01   4.9390135e-01
   6.4069173e-01   6.0764555e-01   3.3394973e-01   4.0692277e-01   5.6685395e-01   4.0014947e-01   3.1598801e-01   6.0795307e-01   4.0014947e-01   5.0306529e-01   3.3960462e-01   3.7748346e-01   4.2205740e-01   4.9882147e-01   5.8459791e-01   5.4256082e-01   4.9578983e-01   3.4745917e-01
   5.0386604e-01   5.6265746e-01   4.5776476e-01   3.8234973e-01   5.7816935e-01   5.1054655e-01   2.7352993e-01   6.6904635e-01   4.8299309e-01   3.0947985e-01   3.1384640e-01   3.1571739e-01   3.9799831e-01   4.3490995e-01   4.2398354e-01   5.7956168e-01   3.2594654e-01   9.6603257e-02
