   6.1868030e-01   5.7434898e-01   4.8090160e-01   4.4297819e-01   7.2872227e-01   3.5002143e-01   9.6603257e-02   5.3145966e-01   4.3230411e-01   9.6603257e-02   9.6603257e-02   4.1014016e-01   3.2680754e-01   5.9053851e-01   3.9241434e-01   5.5237559e-01   3.5427997e-01   3.1897165e-01
   5.1610004e-01   6.7396160e-01   3.7668449e-01   4.3110311e-01   5.4176893e-01   4.0218191e-01   4.2347340e-01   7.4050936e-01   6.5630905e-01   9.6603257e-02   3.2453682e-01   4.9520736e-01   5.0133179e-01   5.3851031e-01   3.5787296e-01   4.5370750e-01   4.6330327e-01   2.7952026e-01
   4.4715979e-01   4.8430139e-01   4.2088646e-01   4.2336405e-01   5.0962431e-01   4.5636081e-01   3.5020545e-01   7.3889068e-01   4.1604136e-01   9.6603257e-02   4.1447537e-01   3.7228916e-01   4.1647210e-01   5.4496505e-01   4.9292286e-01   4.9860867e-01   3.9231670e-01   9.6603257e-02
   5.0660845e-01   5.5635586e-01   3.5755477e-01   4.5432030e-01   7.3071836e-01   3.8522549e-01   9.6603257e-02   5.7525058e-01   4.9091045e-01   9.6603257e-02   3.1177491e-01   3.5755477e-01   3.4826816e-01   4.0492950e-01   4.2317961e-01   4.0492950e-01   3.6428465e-01   3.1177491e-01
   4.6458169e-01   4.0822822e-01   5.6099346e-01   5.6099346e-01   6.3830626e-01   5.4387097e-01   9.6603257e-02   7.5616886e-01   5.2628009e-01   9.6603257e-02   5.2628009e-01   5.2628009e-01   9.6603257e-02   6.7923275e-01   3.6805730e-01   5.4019872e-01   5.6099346e-01   9.6603257e-02
   4.3352276e-01   5.8030246e-01   6.7851981e-01   6.8902145e-01   5.3522353e-01   4.3679518e-01   9.6603257e-02   6.7031358e-01   5.7601214e-01   9.6603257e-02   3.7438974e-01   6.7494780e-01   9.6603257e-02   5.8703684e-01   3.6194556e-01   4.1969754e-01   5.2372487e-01   3.4515128e-01
   5.3880676e-01   5.4831902e-01   5.4496505e-01   6.3561713e-01   5.3145966e-01   3.5020545e-01   9.6603257e-02   6.0475415e-01   5.5803779e-01   9.6603257e-02   9.6603257e-02   5.1035735e-01   3.5020545e-01   4.4411378e-01   3.5020545e-01   5.0629286e-01   5.2920490e-01   9.6603257e-02
   5.2708989e-01   6.1306537e-01   5.8578667e-01   5.4091201e-01   4.7438330e-01   2.5215459e-01   5.4091201e-01   7.4191058e-01   6.2791160e-01   9.6603257e-02   9.6603257e-02   5.4091201e-01   4.5106163e-01   3.6171249e-01   6.3740078e-01   5.8578667e-01   3.5040469e-01   9.6603257e-02
   5.6530922e-01   6.5233987e-01   4.8229858e-01   4.5694467e-01   4.8750596e-01   4.5159741e-01   9.6603257e-02   6.1327804e-01   5.4389805e-01   9.6603257e-02   3.5609265e-01   3.5546364e-01   3.7333551e-01   4.8289892e-01   4.8750596e-01   4.5985329e-01   3.2142348e-01   2.5215459e-01
   4.2273383e-01   7.1215843e-01   4.9909687e-01   5.8263021e-01   6.3770184e-01   3.1569916e-01   9.6603257e-02   7.1566357e-01   6.6610304e-01   9.6603257e-02   2.7650997e-01   5.6858974e-01   5.3082395e-01   7.1582926e-01   3.4914840e-01   3.8474638e-01   3.0842122e-01   9.6603257e-02
   3.5308961e-01   5.1008261e-01   4.6330327e-01   5.4544356e-01   7.4074553e-01   3.2580066e-01   9.6603257e-02   7.0123443e-01   5.4544356e-01   5.5284899e-01   9.6603257e-02   6.9441782e-01   5.1024836e-01   6.1630056e-01   2.9281980e-01   5.1024836e-01   5.7149650e-01   3.2580066e-01
   6.8544977e-01   7.5602440e-01   4.9843885e-01   5.6873266e-01   6.0147546e-01   5.6099346e-01   9.6603257e-02   4.1850941e-01   6.4726202e-01   9.6603257e-02   9.6603257e-02   5.1797487e-01   5.2628009e-01   5.0497444e-01   6.8748361e-01   5.1866092e-01   9.6603257e-02   9.6603257e-02
   5.8075907e-01   6.5435476e-01   6.4463606e-01   6.1776688e-01   7.4014177e-01   5.2965676e-01   9.6603257e-02   5.9999413e-01   7.0740198e-01   5.0268088e-01   3.3563856e-01   4.6877724e-01   5.7005507e-01   4.9953149e-01   5.9827787e-01   6.5706644e-01   3.0153320e-01   9.6603257e-02
   5.3044797e-01   4.6854034e-01   4.4915337e-01   4.9699248e-01   6.1181289e-01   5.0521253e-01   9.6603257e-02   6.1629328e-01   4.5461191e-01   9.6603257e-02   2.9678123e-01   4.5574759e-01   3.7830273e-01   4.9463880e-01   3.9874354e-01   6.7950016e-01   3.7830273e-01   9.6603257e-02
   5.4039805e-01   6.7528281e-01   6.1252633e-01   6.5216768e-01   6.8395683e-01   4.3358486e-01   9.6603257e-02   5.9128569e-01   5.7760740e-01   2.6493248e-01   2.9340853e-01   5.5600192e-01   2.8626673e-01   5.6425118e-01   4.5734208e-01   3.7894260e-01   4.2635258e-01   4.2263110e-01
   4.9757998e-01   5.6657094e-01   4.5416982e-01   5.4143632e-01   7.3843304e-01   5.1268037e-01   9.6603257e-02   6.1274946e-01   4.2320783e-01   9.6603257e-02   2.9605089e-01   4.6854421e-01   5.1268037e-01   7.4009321e-01   3.2157735e-01   4.7111231e-01   9.6603257e-02   9.6603257e-02
   7.3674890e-01   7.1709740e-01   4.5646635e-01   4.5817322e-01   6.9823298e-01   3.7569192e-01   9.6603257e-02   5.1102658e-01   4.3833996e-01   2.8230768e-01   2.8618058e-01   4.1159624e-01   3.1046652e-01   4.9382982e-01   3.5933908e-01   5.5208442e-01   3.6217861e-01   9.6603257e-02
   7.1804178e-01   6.5653093e-01   4.8250150e-01   4.6642031e-01   6.0475415e-01   3.6940359e-01   9.6603257e-02   6.5864336e-01   4.1836618e-01   9.6603257e-02   9.6603257e-02   3.2846597e-01   3.0484964e-01   6.0946243e-01   5.6710146e-01   5.4635615e-01   3.4015451e-01   9.6603257e-02
   4.3855634e-01   5.3422560e-01   5.1086269e-01   5.0691282e-01   6.1218255e-01   5.2355802e-01   5.1845358e-01   6.1218255e-01   5.3371712e-01   3.3739217e-01   3.6644713e-01   5.3371712e-01   5.3371712e-01   3.8413024e-01   4.1164917e-01   4.7167134e-01   3.3192023e-01   9.6603257e-02
   7.0871698e-01   5.6319761e-01   5.0919598e-01   5.3082395e-01   6.0243275e-01   5.0411283e-01   9.6603257e-02   5.3145966e-01   4.4052988e-01   9.6603257e-02   3.5160860e-01   5.0919598e-01   3.3260049e-01   4.3642177e-01   4.7879100e-01   6.9930478e-01   3.2456515e-01   9.6603257e-02
   3.2462468e-01   3.5856258e-01   5.6099346e-01   5.8172257e-01   6.2150526e-01   4.5947206e-01   9.6603257e-02   7.3627877e-01   6.0587222e-01   3.3023257e-01   2.7430343e-01   5.6099346e-01   3.4292727e-01   4.7001482e-01   2.7796874e-01   3.2377919e-01   3.2331876e-01   1.4505191e-01
   5.3193085e-01   4.8338177e-01   4.6144816e-01   5.2908609e-01   6.7078836e-01   3.7573358e-01   1.1880588e-01   5.2087393e-01   5.7158678e-01   9.6603257e-02   4.2290706e-01   4.4302464e-01   4.2929755e-01   4.2131427e-01   4.4730814e-01   5.2834961e-01   3.0384953e-01   3.0789964e-01
   5.4495697e-01   5.1859490e-01   5.5175605e-01   4.3660295e-01   7.7865497e-01   4.7018674e-01   5.2292663e-01   4.7917128e-01   4.4878148e-01   9.6603257e-02   3.2715691e-01   4.8703073e-01   4.8989029e-01   5.0123617e-01   4.7842439e-01   4.2834059e-01   4.8703073e-01   9.6603257e-02
   5.2333696e-01   5.6785609e-01   4.5704999e-01   4.3948844e-01   6.6708090e-01   4.6948327e-01   2.8208090e-01   5.6327529e-01   4.4038873e-01   9.6603257e-02   3.8178192e-01   4.1833289e-01   3.3452964e-01   3.7503412e-01   4.7053397e-01   4.5972153e-01   3.9058903e-01   9.6603257e-02
   5.0976701e-01   6.1669346e-01   4.0836289e-01   6.1228038e-01   6.4446650e-01   4.0220698e-01   9.6603257e-02   5.9536645e-01   4.8555287e-01   9.6603257e-02   2.8764324e-01   4.2739215e-01   2.8764324e-01   5.1383768e-01   4.9260546e-01   4.7269695e-01   4.0865403e-01   2.9253048e-01
   4.1158444e-01   5.9908913e-01   5.3528813e-01   5.7126582e-01   7.2669938e-01   3.5729812e-01   1.5775240e-01   5.5947697e-01   5.4425829e-01   9.6603257e-02   3.5500085e-01   4.4166389e-01   3.9428931e-01   4.9020777e-01   4.0337493e-01   3.6381179e-01   2.8977265e-01   4.2091824e-01
   6.2583994e-01   5.8616119e-01   5.3371278e-01   5.5681057e-01   5.6665754e-01   5.0920259e-01   9.6603257e-02   6.5999760e-01   3.9497319e-01   3.0657987e-01   3.6617593e-01   3.8316397e-01   3.8937176e-01   3.7789028e-01   5.3068742e-01   5.7219976e-01   5.0847893e-01   9.6603257e-02
   5.3090668e-01   6.3805444e-01   5.3996807e-01   4.8430040e-01   7.5454607e-01   4.1447537e-01   9.6603257e-02   4.2389396e-01   5.1563160e-01   9.6603257e-02   3.6150476e-01   4.6123199e-01   3.3299458e-01   4.8121942e-01   5.7009081e-01   4.4434160e-01   5.1732451e-01   9.6603257e-02
   6.5358544e-01   7.4028222e-01   4.4031507e-01   4.4931124e-01   6.0937192e-01   3.1102644e-01   9.6603257e-02   5.2070582e-01   5.6543514e-01   9.6603257e-02   9.6603257e-02   3.7935928e-01   9.6603257e-02   5.4278378e-01   6.3537790e-01   4.0229652e-01   4.3533031e-01   9.6603257e-02
   4.9946192e-01   5.1433576e-01   4.4691698e-01   4.4603917e-01   7.6269308e-01   4.4603917e-01   9.6603257e-02   5.4385893e-01   3.8791101e-01   2.9281980e-01   2.5215459e-01   3.8791101e-01   3.2000463e-01   7.1048693e-01   4.6330327e-01   3.3021157e-01   4.1233153e-01   9.6603257e-02
   6.3375809e-01   6.4550669e-01   5.8864851e-01   5.9782916e-01   7.3890408e-01   4.1926507e-01   9.6603257e-02   5.0534605e-01   6.2649666e-01   9.6603257e-02   3.8444269e-01   9.6603257e-02   3.3499069e-01   3.4536535e-01   5.0282358e-01   4.6786578e-01   4.3420263e-01   9.6603257e-02
   3.4140067e-01   5.5566826e-01   6.5399921e-01   7.3854349e-01   6.8979863e-01   9.6603257e-02   9.6603257e-02   5.0653715e-01   5.5473269e-01   9.6603257e-02   2.8618058e-01   6.2089192e-01   9.6603257e-02   4.1494148e-01   4.3150886e-01   3.0028557e-01   3.4338292e-01   9.6603257e-02
   5.4143545e-01   5.7134886e-01   5.6538173e-01   5.6538173e-01   6.5950092e-01   4.8501215e-01   9.6603257e-02   7.1233021e-01   5.6538173e-01   9.6603257e-02   3.3508329e-01   5.2999100e-01   3.0086415e-01   5.7548390e-01   3.7027392e-01   6.4135589e-01   4.7622671e-01   9.6603257e-02
   5.1045468e-01   5.6785609e-01   5.0878567e-01   5.0878567e-01   6.3111209e-01   3.5366613e-01   2.5215459e-01   4.4830004e-01   5.2035293e-01   9.6603257e-02   4.3449907e-01   5.3000543e-01   3.4827702e-01   3.9651931e-01   4.9950163e-01   4.6952469e-01   9.6603257e-02   9.6603257e-02
   1.5941839e-01   5.7667831e-01   8.4562113e-01   8.0281475e-01   6.3283695e-01   4.8999360e-01   9.6603257e-02   4.6225777e-01   4.8966470e-01   9.6603257e-02   9.6603257e-02   6.5479960e-01   5.2496831e-01   4.2755638e-01   3.3611015e-01   9.6603257e-02   3.4656249e-01   9.6603257e-02
   5.0509603e-01   5.5446491e-01   5.3504045e-01   5.1219233e-01   6.1884927e-01   4.6864736e-01   3.3867706e-01   6.7372846e-01   5.3504045e-01   9.6603257e-02   3.1688321e-01   5.1938506e-01   4.3075136e-01   5.0532703e-01   4.5141037e-01   4.9323642e-01   4.2499274e-01   3.1688321e-01
   3.6697022e-01   5.4090864e-01   4.7815469e-01   5.8586866e-01   7.3266833e-01   3.4462892e-01   3.0895571e-01   5.0981425e-01   4.6339745e-01   3.5634908e-01   2.6499003e-01   4.3542916e-01   3.4985786e-01   5.5765269e-01   3.4827225e-01   3.3457864e-01   4.5870411e-01   3.3664492e-01
   7.0040422e-01   6.7851981e-01   5.8906484e-01   7.0506372e-01   7.4029003e-01   4.5933466e-01   9.6603257e-02   6.7565655e-01   6.4707068e-01   9.6603257e-02   9.6603257e-02   5.8864851e-01   9.6603257e-02   6.5009862e-01   5.4752559e-01   5.1816006e-01   5.5877345e-01   3.7628085e-01
   5.5955322e-01   7.2904732e-01   4.2578460e-01   5.2293402e-01   6.5682186e-01   4.7436598e-01   9.6603257e-02   5.3062010e-01   7.2725300e-01   3.1719878e-01   3.5583805e-01   3.6863268e-01   3.6863268e-01   3.9694730e-01   5.0334780e-01   4.1686069e-01   3.8090254e-01   4.2725954e-01
   5.7804400e-01   5.5592258e-01   4.2389396e-01   4.0327592e-01   6.9317344e-01   2.7450852e-01   9.6603257e-02   6.4265223e-01   3.8276461e-01   9.6603257e-02   5.4217503e-01   3.6150476e-01   3.6150476e-01   3.8948654e-01   4.3795563e-01   3.5829430e-01   5.5592258e-01   9.6603257e-02
   4.1912290e-01   6.8378722e-01   5.6689519e-01   6.0662075e-01   7.2178279e-01   3.5506447e-01   9.6603257e-02   5.6689519e-01   5.6457731e-01   9.6603257e-02   2.1513202e-01   5.0731110e-01   9.6603257e-02   4.6739377e-01   3.7660576e-01   2.5343635e-01   9.6603257e-02   1.8921939e-01
   6.3487381e-01   5.3514076e-01   4.3957012e-01   3.4889100e-01   6.0286864e-01   4.8635855e-01   9.6603257e-02   6.0475415e-01   4.9626716e-01   9.6603257e-02   2.5917342e-01   3.4889100e-01   2.7378758e-01   4.4910117e-01   3.7200210e-01   4.1524241e-01   5.2768888e-01   9.6603257e-02
   5.7093138e-01   6.5648186e-01   4.7951217e-01   5.0034024e-01   6.3074545e-01   4.2556091e-01   9.6603257e-02   5.2642458e-01   4.6051530e-01   3.1607712e-01   2.9009873e-01   3.6948225e-01   3.5108340e-01   4.6348070e-01   4.8004669e-01   4.9570617e-01   2.8559611e-01   3.2291357e-01
   4.1714148e-01   5.7412164e-01   3.4754381e-01   4.3882323e-01   5.9995402e-01   4.4223575e-01   9.6603257e-02   5.6873266e-01   6.2360194e-01   9.6603257e-02   3.4754381e-01   4.4223575e-01   9.6603257e-02   5.6661278e-01   3.9852454e-01   4.7929418e-01   4.0695401e-01   9.6603257e-02
   3.4600625e-01   4.1714148e-01   5.3082395e-01   5.4268064e-01   5.9144506e-01   3.8049249e-01   9.6603257e-02   5.8426322e-01   4.1735724e-01   9.6603257e-02   3.1569916e-01   5.1225138e-01   3.6888718e-01   4.7529826e-01   3.0134104e-01   5.3715796e-01   5.0919598e-01   9.6603257e-02
   5.5984486e-01   6.2717129e-01   6.5736835e-01   5.9999413e-01   6.6944981e-01   5.0067375e-01   9.6603257e-02   6.0576213e-01   6.2512650e-01   9.6603257e-02   3.6188758e-01   4.0143754e-01   4.3420263e-01   5.3478214e-01   5.0282358e-01   5.0046589e-01   9.6603257e-02   9.6603257e-02
   4.9945770e-01   5.7324223e-01   4.3029477e-01   5.1069419e-01   5.5582663e-01   5.1191529e-01   9.6603257e-02   6.3736969e-01   5.7276992e-01   9.6603257e-02   3.9396853e-01   3.5546364e-01   9.6603257e-02   3.5546364e-01   3.4990138e-01   5.9721040e-01   3.5546364e-01   9.6603257e-02
   6.4057087e-01   6.5090537e-01   6.7950016e-01   4.5184024e-01   5.2998518e-01   4.2936456e-01   9.6603257e-02   5.8316556e-01   5.5548383e-01   2.7977504e-01   3.1604014e-01   3.5832130e-01   3.4887322e-01   4.0327067e-01   6.0222904e-01   4.1850941e-01   3.3023257e-01   3.1294847e-01
   6.7068141e-01   6.5093544e-01   4.0420126e-01   4.4918560e-01   5.4446774e-01   4.0240279e-01   9.6603257e-02   5.4264282e-01   5.1146458e-01   9.6603257e-02   3.1068909e-01   4.2206997e-01   4.1544304e-01   4.7014032e-01   5.5150427e-01   5.3310073e-01   3.1683904e-01   9.6603257e-02
   6.0565388e-01   6.3336928e-01   5.2237629e-01   4.7968686e-01   6.7964192e-01   4.4571968e-01   4.2085173e-01   5.7590080e-01   5.0082261e-01   9.6603257e-02   3.3519121e-01   3.9908184e-01   3.8003767e-01   5.1999223e-01   5.4482807e-01   4.7769794e-01   3.2266252e-01   3.3770039e-01
   3.2628675e-01   4.1233153e-01   5.7149650e-01   6.0672743e-01   6.8989419e-01   5.7222970e-01   9.6603257e-02   5.1748077e-01   5.5396083e-01   9.6603257e-02   9.6603257e-02   5.7149650e-01   3.8791101e-01   2.5215459e-01   3.4990138e-01   4.4603917e-01   9.6603257e-02   9.6603257e-02
   3.9864342e-01   5.3697299e-01   5.7803084e-01   6.4560060e-01   7.3219489e-01   4.3029477e-01   9.6603257e-02   6.0835807e-01   5.9714814e-01   9.6603257e-02   4.3673858e-01   5.0731110e-01   3.1390947e-01   5.4799313e-01   3.2123477e-01   4.8780391e-01   9.6603257e-02   9.6603257e-02
   4.4332268e-01   4.6632859e-01   4.6506204e-01   4.6952877e-01   7.1542488e-01   3.9356781e-01   9.6603257e-02   6.4957782e-01   4.7079293e-01   3.6372661e-01   3.3182189e-01   4.2236747e-01   3.5311839e-01   6.1364186e-01   3.6683923e-01   4.0952871e-01   2.9636711e-01   2.7893888e-01
   6.4846149e-01   6.0927377e-01   5.1841189e-01   4.5513864e-01   5.0753875e-01   4.9530938e-01   9.6603257e-02   6.3494484e-01   5.2457145e-01   3.1063690e-01   3.6992295e-01   3.8274060e-01   3.9857271e-01   4.5392798e-01   5.0076201e-01   5.7164597e-01   2.9850089e-01   9.6603257e-02
   5.3386985e-01   5.8876516e-01   5.6016009e-01   5.5246950e-01   6.0139106e-01   4.6069968e-01   3.0683784e-01   6.7693407e-01   5.5599031e-01   9.6603257e-02   3.0353595e-01   4.0954983e-01   4.1240463e-01   5.0358719e-01   3.9699307e-01   4.3020635e-01   3.5497344e-01   3.6589268e-01
   6.7790242e-01   7.4127049e-01   4.5126199e-01   4.7808047e-01   5.1583483e-01   5.2161133e-01   9.6603257e-02   6.2839887e-01   6.7520157e-01   9.6603257e-02   9.6603257e-02   3.5039257e-01   6.0125942e-01   5.2571627e-01   6.2891217e-01   6.5009862e-01   4.1107671e-01   9.6603257e-02
   5.1848711e-01   5.7107110e-01   6.5009862e-01   4.0187711e-01   4.9206515e-01   3.9572724e-01   9.6603257e-02   7.0679108e-01   6.0930614e-01   4.2472269e-01   4.4600510e-01   4.0389577e-01   5.2172745e-01   4.9555058e-01   6.6072218e-01   5.6121498e-01   3.9521860e-01   9.6603257e-02
   5.1612327e-01   5.5433768e-01   6.1756840e-01   6.3104653e-01   4.7625464e-01   3.2271982e-01   9.6603257e-02   6.9342212e-01   6.3601490e-01   9.6603257e-02   2.7547770e-01   6.1586753e-01   5.1075519e-01   6.0401685e-01   3.4990138e-01   3.7489807e-01   5.1157423e-01   9.6603257e-02
   6.3945969e-01   6.7330735e-01   4.6860029e-01   4.2295539e-01   6.1630056e-01   5.4795648e-01   9.6603257e-02   6.5680320e-01   6.9612300e-01   4.4790570e-01   4.5451901e-01   5.0348402e-01   5.3762027e-01   5.8703684e-01   5.3371712e-01   5.5955322e-01   4.4790570e-01   9.6603257e-02
   6.2899023e-01   6.7878949e-01   4.5931946e-01   4.3972453e-01   5.4166791e-01   4.0966945e-01   9.6603257e-02   5.9395718e-01   5.0322750e-01   9.6603257e-02   3.5171149e-01   3.7588258e-01   3.1447257e-01   4.3571017e-01   5.0356831e-01   4.5752760e-01   3.0528935e-01   9.6603257e-02
   5.9951758e-01   7.4079129e-01   3.7320332e-01   5.5925584e-01   6.2824740e-01   3.5469318e-01   9.6603257e-02   3.5373019e-01   7.2997292e-01   9.6603257e-02   5.1677462e-01   3.1925333e-01   9.6603257e-02   4.0822398e-01   5.5343090e-01   3.1192926e-01   5.3438840e-01   9.6603257e-02
   4.7499035e-01   4.7428045e-01   3.8724821e-01   3.7660576e-01   6.8188978e-01   4.0129426e-01   9.6603257e-02   6.0870939e-01   4.5747252e-01   9.6603257e-02   3.8355662e-01   3.6581433e-01   4.2499274e-01   4.5671014e-01   4.4928777e-01   4.6966851e-01   5.1938506e-01   9.6603257e-02
   5.8285852e-01   6.0593807e-01   5.9473797e-01   5.9037972e-01   7.4383100e-01   3.7582457e-01   9.6603257e-02   6.5552140e-01   4.4183683e-01   9.6603257e-02   3.2902687e-01   5.5459244e-01   5.1891038e-01   6.1630056e-01   6.8549352e-01   5.0343887e-01   3.1657647e-01   2.8375601e-01
   4.3009456e-01   4.7166462e-01   4.7371991e-01   4.8898447e-01   6.6952894e-01   4.7371991e-01   9.6603257e-02   5.8074597e-01   4.6010304e-01   9.6603257e-02   3.2143083e-01   3.3872151e-01   4.3740357e-01   4.5693629e-01   3.4336422e-01   4.3900654e-01   3.3708474e-01   9.6603257e-02
   3.8866909e-01   4.3174564e-01   5.4010292e-01   4.8699677e-01   5.7547081e-01   5.2453046e-01   5.0542929e-01   7.4096673e-01   4.8699677e-01   9.6603257e-02   3.1930068e-01   5.0542929e-01   5.2312307e-01   4.6890541e-01   3.6192909e-01   5.3036887e-01   4.7884154e-01   9.6603257e-02
   5.7975642e-01   6.5814299e-01   5.5666866e-01   4.9079226e-01   6.9826600e-01   4.1017644e-01   9.6603257e-02   5.6821025e-01   5.2141241e-01   9.6603257e-02   9.6603257e-02   4.5111306e-01   3.7489807e-01   5.8048357e-01   4.7483015e-01   4.7578414e-01   3.7389657e-01   3.2787758e-01
   4.9880185e-01   6.5009862e-01   5.1931697e-01   5.5123670e-01   5.8487621e-01   5.2349928e-01   9.6603257e-02   6.6962915e-01   6.2230070e-01   9.6603257e-02   3.3499793e-01   3.5643519e-01   4.5055042e-01   3.9735986e-01   4.3890153e-01   4.6925491e-01   5.6124573e-01   9.6603257e-02
   3.6874884e-01   4.7577976e-01   4.4862654e-01   5.1758276e-01   7.2543058e-01   4.2449161e-01   9.6603257e-02   5.4385893e-01   4.1870728e-01   2.5215459e-01   3.5903931e-01   3.5208953e-01   4.1895108e-01   5.3092894e-01   3.8286983e-01   3.9699137e-01   2.6450259e-01   1.5775240e-01
   3.9491210e-01   4.8063405e-01   4.7852773e-01   4.3699588e-01   7.4102750e-01   3.7178798e-01   5.0489785e-01   6.7990071e-01   5.1688418e-01   9.6603257e-02   4.8513115e-01   5.6694122e-01   3.5832130e-01   6.4879337e-01   4.2003635e-01   4.2996494e-01   2.5215459e-01   3.1855730e-01
   5.4074091e-01   5.6970523e-01   3.9396853e-01   3.9524585e-01   6.5653093e-01   4.4222519e-01   9.6603257e-02   6.3151046e-01   4.5614107e-01   9.6603257e-02   3.2846597e-01   3.0484964e-01   5.3782723e-01   4.7292731e-01   5.4966707e-01   6.0475415e-01   4.8250150e-01   9.6603257e-02
   5.3917935e-01   5.7118086e-01   5.9201607e-01   6.0703112e-01   5.6320482e-01   5.9714814e-01   9.6603257e-02   7.4148524e-01   6.2437232e-01   9.6603257e-02   9.6603257e-02   5.5165247e-01   4.4808896e-01   5.3917935e-01   5.3640066e-01   4.6053413e-01   9.6603257e-02   3.5643519e-01
   3.7705875e-01   5.4237955e-01   4.7856563e-01   4.3679518e-01   5.8973360e-01   3.8425417e-01   9.6603257e-02   5.4955895e-01   4.7382201e-01   2.8138735e-01   3.5689757e-01   4.2453739e-01   3.4538600e-01   4.5210509e-01   3.3547101e-01   3.1633759e-01   3.4324203e-01   3.0540025e-01
   5.3984188e-01   6.6975855e-01   5.7783997e-01   5.7783997e-01   7.4123007e-01   5.4559228e-01   9.6603257e-02   6.6271313e-01   6.9386130e-01   9.6603257e-02   3.5832130e-01   5.8172257e-01   9.6603257e-02   5.4559228e-01   3.2331876e-01   5.3369878e-01   3.5832130e-01   9.6603257e-02
   4.8261230e-01   5.1491034e-01   4.7884326e-01   4.7884326e-01   7.4136607e-01   5.5367616e-01   9.6603257e-02   5.9477943e-01   5.0013850e-01   9.6603257e-02   3.5151390e-01   2.7497799e-01   3.2580066e-01   5.3110798e-01   4.1733136e-01   4.5243361e-01   4.5120196e-01   2.7497799e-01
   5.4366608e-01   5.4085369e-01   5.5231098e-01   5.3107740e-01   7.3646063e-01   4.4576872e-01   9.6603257e-02   5.9837583e-01   4.3423502e-01   9.6603257e-02   2.8740396e-01   4.1586777e-01   4.9276824e-01   5.0444235e-01   3.7326905e-01   5.2628009e-01   3.6127806e-01   9.6603257e-02
   7.3623692e-01   7.3902757e-01   4.7890055e-01   4.6462375e-01   5.3504993e-01   4.4429303e-01   9.6603257e-02   5.2146955e-01   5.5332585e-01   9.6603257e-02   3.8654820e-01   3.9843773e-01   3.8123266e-01   3.7500000e-01   5.1414201e-01   5.2797175e-01   4.2739941e-01   1.2508069e-01
   4.3613408e-01   5.7070307e-01   3.4536535e-01   3.6624191e-01   7.3018366e-01   4.6786578e-01   9.6603257e-02   6.6275901e-01   5.3512372e-01   9.6603257e-02   2.5215459e-01   4.3533019e-01   3.4536535e-01   3.8239792e-01   4.4311534e-01   4.4220172e-01   3.6188758e-01   9.6603257e-02
   4.5259362e-01   6.1788759e-01   4.3538834e-01   4.5315521e-01   7.4079342e-01   4.6881620e-01   9.6603257e-02   6.9323335e-01   5.5427512e-01   4.2924926e-01   2.9147391e-01   3.5066538e-01   4.8642651e-01   5.8417997e-01   4.0596824e-01   4.2240399e-01   4.1869782e-01   9.6603257e-02
   4.3271260e-01   4.8264344e-01   4.9739153e-01   4.2507916e-01   7.3885481e-01   3.6100170e-01   3.9706547e-01   6.7072526e-01   3.7757124e-01   9.6603257e-02   3.1925333e-01   4.2206997e-01   4.2232324e-01   4.7980647e-01   4.1314596e-01   4.1885600e-01   3.3665156e-01   1.5775240e-01
   5.2557996e-01   5.7071217e-01   4.2956132e-01   5.2474019e-01   7.3339612e-01   4.2626759e-01   2.6816598e-01   5.1131531e-01   5.7920691e-01   9.6603257e-02   5.2332827e-01   3.6203363e-01   5.0682251e-01   3.9666414e-01   3.9278983e-01   5.6732520e-01   2.7873901e-01   2.5215459e-01
   5.3862508e-01   5.7934556e-01   3.9483389e-01   3.8863388e-01   6.9520475e-01   3.5814778e-01   3.6111654e-01   5.4964203e-01   4.6759640e-01   9.6603257e-02   3.4260573e-01   3.8817628e-01   3.2208991e-01   4.2335837e-01   5.1219558e-01   4.0824816e-01   3.0917577e-01   2.9159883e-01
   4.8581960e-01   5.6039444e-01   3.6940359e-01   4.2067755e-01   7.4078616e-01   4.4509793e-01   9.6603257e-02   5.6039444e-01   5.2837875e-01   4.3773417e-01   3.0484964e-01   4.3773417e-01   4.5052537e-01   5.6471829e-01   4.0937454e-01   3.5645548e-01   3.4015451e-01   9.6603257e-02
   3.7587793e-01   5.5971860e-01   5.1555161e-01   7.1333811e-01   6.9153528e-01   3.5372412e-01   2.7310189e-01   5.6744170e-01   4.7987192e-01   4.9360335e-01   2.9041591e-01   4.0009526e-01   3.0917577e-01   4.7677983e-01   3.2925005e-01   3.3868867e-01   3.0853956e-01   2.9159883e-01
   5.0521215e-01   5.8643589e-01   4.5173681e-01   4.0709292e-01   5.3887591e-01   4.5671014e-01   9.6603257e-02   6.3666013e-01   4.2476237e-01   3.2721181e-01   3.1688321e-01   3.4088286e-01   3.2677605e-01   4.1795386e-01   4.5190227e-01   4.6042186e-01   3.5323005e-01   9.6603257e-02
   4.1775833e-01   5.2494010e-01   4.7189302e-01   4.8510129e-01   7.3698847e-01   5.2253978e-01   9.6603257e-02   6.5198678e-01   3.9867704e-01   9.6603257e-02   3.9867704e-01   3.3205351e-01   4.7760037e-01   4.7189302e-01   4.4526731e-01   3.6493483e-01   5.5469998e-01   9.6603257e-02
   5.5150427e-01   7.1622572e-01   2.6238933e-01   5.1143754e-01   5.4722774e-01   2.5215459e-01   9.6603257e-02   5.9963805e-01   6.7257407e-01   9.6603257e-02   3.7262844e-01   5.5246048e-01   3.0714622e-01   5.2154470e-01   5.1036145e-01   3.5914984e-01   9.6603257e-02   3.7262844e-01
   3.9450797e-01   5.1069419e-01   5.5165247e-01   4.9092589e-01   6.8431542e-01   3.9319036e-01   9.6603257e-02   7.3854349e-01   6.6975855e-01   5.3640066e-01   9.6603257e-02   1.7304522e-01   5.7803084e-01   5.5582663e-01   4.6742356e-01   4.6742356e-01   9.6603257e-02   9.6603257e-02
   5.9914391e-01   4.9805086e-01   4.9208812e-01   4.3648371e-01   6.4544981e-01   4.6862883e-01   9.6603257e-02   5.8945558e-01   3.6672416e-01   9.6603257e-02   3.2661343e-01   4.9208812e-01   3.2661343e-01   5.2903417e-01   3.2661343e-01   6.7872151e-01   4.5654203e-01   9.6603257e-02
   4.3150562e-01   6.2339424e-01   5.8864851e-01   6.3561713e-01   7.3232586e-01   9.6603257e-02   9.6603257e-02   6.2914986e-01   6.7851981e-01   9.6603257e-02   9.6603257e-02   5.8864851e-01   9.6603257e-02   6.5862636e-01   4.3150562e-01   2.7563909e-01   9.6603257e-02   9.6603257e-02
   4.4516742e-01   4.9183777e-01   5.5329110e-01   5.7992852e-01   5.4060851e-01   4.2889041e-01   3.3401343e-01   7.5553019e-01   4.9291161e-01   3.8439772e-01   4.3566258e-01   4.1605590e-01   4.6371837e-01   5.7736820e-01   2.9394126e-01   4.4739169e-01   9.6603257e-02   9.6603257e-02
   4.4653647e-01   5.6320482e-01   5.0000000e-01   5.2091020e-01   7.4078058e-01   4.6513086e-01   9.6603257e-02   7.2526127e-01   5.7301194e-01   3.1820236e-01   9.6603257e-02   2.8543698e-01   3.1820236e-01   6.0653311e-01   4.2289607e-01   3.4645112e-01   3.9327257e-01   9.6603257e-02
   5.5175251e-01   5.9490190e-01   3.9295574e-01   4.0269176e-01   5.7805410e-01   4.7150675e-01   9.6603257e-02   6.0614227e-01   4.8196006e-01   2.9123398e-01   2.7293724e-01   3.0122045e-01   3.5455019e-01   5.3078310e-01   5.0473295e-01   4.5804102e-01   3.2168728e-01   9.6603257e-02
   6.0475415e-01   6.5697687e-01   5.8887388e-01   5.5060049e-01   5.7214649e-01   4.6246398e-01   5.0570797e-01   6.8769550e-01   6.1288248e-01   9.6603257e-02   3.9489770e-01   4.9144288e-01   4.5373571e-01   4.9144288e-01   6.0317646e-01   4.8100552e-01   3.9489770e-01   9.6603257e-02
   6.5487144e-01   7.3655847e-01   5.0000000e-01   4.8187797e-01   6.2493039e-01   3.0714622e-01   9.6603257e-02   3.6874884e-01   6.9029782e-01   9.6603257e-02   9.6603257e-02   5.2253978e-01   3.0714622e-01   5.1143754e-01   4.9382982e-01   2.6710038e-01   3.3796243e-01   9.6603257e-02
   7.3897183e-01   7.1365839e-01   5.9004673e-01   5.3168928e-01   5.5572746e-01   3.8772012e-01   9.6603257e-02   5.5281869e-01   5.4978294e-01   1.1026920e-01   3.2071751e-01   3.0486781e-01   3.5492362e-01   4.3823506e-01   5.7435342e-01   5.5824470e-01   3.2008011e-01   2.7217001e-01
   5.7276992e-01   7.1029944e-01   7.5149346e-01   8.0359961e-01   7.0557695e-01   9.6603257e-02   9.6603257e-02   6.8984162e-01   7.1696074e-01   9.6603257e-02   5.3697299e-01   7.1979685e-01   3.5643519e-01   6.8984162e-01   5.3640066e-01   4.6053413e-01   9.6603257e-02   9.6603257e-02
   4.9405093e-01   5.5948808e-01   5.3684578e-01   4.8389992e-01   6.0730293e-01   3.5969570e-01   9.6603257e-02   6.7277749e-01   3.8820207e-01   2.8145700e-01   3.1232209e-01   4.1525681e-01   3.5678827e-01   5.4781287e-01   4.2152874e-01   4.3328493e-01   5.1795640e-01   9.6603257e-02
   6.3379833e-01   7.1232380e-01   4.7980038e-01   5.0317081e-01   6.7621356e-01   4.1854651e-01   3.0834591e-01   5.3611888e-01   4.7788018e-01   9.6603257e-02   3.0834591e-01   4.5312981e-01   3.8971658e-01   5.1429180e-01   4.8244327e-01   4.7409667e-01   3.5674025e-01   9.6603257e-02
   4.9618869e-01   4.9615990e-01   4.7984771e-01   4.9017834e-01   5.4383743e-01   3.7601978e-01   9.6603257e-02   7.1793346e-01   5.1198225e-01   2.8022769e-01   2.9187566e-01   5.6055320e-01   3.4447025e-01   5.9690339e-01   3.8109162e-01   4.3302168e-01   3.9569118e-01   2.8022769e-01
   6.8378722e-01   7.3854349e-01   3.1390947e-01   4.4808896e-01   5.7916387e-01   9.6603257e-02   9.6603257e-02   5.1211515e-01   5.6710146e-01   9.6603257e-02   9.6603257e-02   5.0731110e-01   3.6434418e-01   4.8229858e-01   5.5582663e-01   3.9864342e-01   3.5643519e-01   9.6603257e-02
   6.6247640e-01   5.8861671e-01   5.1845358e-01   4.7921204e-01   6.1218255e-01   4.5849774e-01   9.6603257e-02   5.9060452e-01   4.6860029e-01   9.6603257e-02   9.6603257e-02   3.3739217e-01   3.2517879e-01   5.6215649e-01   5.1868015e-01   6.6038056e-01   3.3739217e-01   9.6603257e-02
   5.5803779e-01   6.0759291e-01   5.2312619e-01   4.9217022e-01   7.4687743e-01   4.7783008e-01   9.6603257e-02   6.3569869e-01   5.9086082e-01   9.6603257e-02   5.0729185e-01   5.8389797e-01   3.1197253e-01   6.3561713e-01   4.0431660e-01   4.3569916e-01   3.1197253e-01   9.6603257e-02
   4.2660910e-01   7.2137672e-01   7.0040422e-01   8.0634708e-01   7.2268340e-01   9.6603257e-02   9.6603257e-02   4.2138500e-01   5.9591387e-01   9.6603257e-02   2.7558614e-01   4.0700400e-01   3.1153524e-01   4.0960930e-01   3.2143095e-01   9.6603257e-02   2.7558614e-01   2.7558614e-01
   5.7149650e-01   6.9024224e-01   4.2539003e-01   4.0186081e-01   5.9162319e-01   4.1996977e-01   1.5818602e-01   5.2142361e-01   4.7932661e-01   2.7317958e-01   3.2563494e-01   3.6863601e-01   3.0063947e-01   4.3891182e-01   4.1311057e-01   4.6316843e-01   3.6922246e-01   2.8788718e-01
   4.4224280e-01   5.6039444e-01   4.9690197e-01   5.1567858e-01   7.4043207e-01   3.8169707e-01   3.0996648e-01   7.3796453e-01   4.7658267e-01   9.6603257e-02   4.2556703e-01   4.8287562e-01   3.5408684e-01   5.7647174e-01   3.8336944e-01   3.8169707e-01   3.3823531e-01   9.6603257e-02
   3.7997873e-01   5.4966707e-01   5.3185597e-01   5.9092993e-01   6.4601637e-01   3.0484964e-01   9.6603257e-02   7.2782131e-01   4.3215355e-01   9.6603257e-02   9.6603257e-02   4.2587836e-01   5.2037568e-01   5.1898164e-01   3.3484930e-01   4.6961889e-01   9.6603257e-02   3.4015451e-01
   5.8247423e-01   6.7327846e-01   6.0010730e-01   5.5401076e-01   5.7052008e-01   3.1277054e-01   9.6603257e-02   5.3145966e-01   5.0653748e-01   9.6603257e-02   4.8135800e-01   4.2797701e-01   2.9083566e-01   4.3424143e-01   5.3135304e-01   4.0424548e-01   3.2401152e-01   9.6603257e-02
   5.9873228e-01   6.2845190e-01   3.1836996e-01   3.1836996e-01   5.4091201e-01   3.6171249e-01   9.6603257e-02   4.8305057e-01   4.5399396e-01   3.6333438e-01   9.6603257e-02   5.1369097e-01   4.0126772e-01   4.4102049e-01   5.2050860e-01   4.7214800e-01   4.5106163e-01   9.6603257e-02
   4.7146057e-01   6.0553011e-01   5.6957794e-01   5.8526658e-01   6.0186186e-01   4.2694738e-01   4.8080737e-01   6.1460336e-01   5.2613682e-01   2.8544039e-01   3.8424126e-01   4.8957114e-01   3.4545284e-01   5.1799254e-01   4.0348624e-01   3.9835443e-01   3.5476638e-01   2.6580165e-01
   6.6975855e-01   6.3373153e-01   3.1192926e-01   3.6100170e-01   6.5098860e-01   6.3561713e-01   9.6603257e-02   6.6131758e-01   5.5803779e-01   9.6603257e-02   3.4990138e-01   5.3438840e-01   4.5628433e-01   4.2706213e-01   5.7465545e-01   5.0130965e-01   3.5469318e-01   9.6603257e-02
   3.6718425e-01   5.1536512e-01   4.3525256e-01   5.3901752e-01   6.4359377e-01   3.4360746e-01   2.6894558e-01   4.9634491e-01   4.6664130e-01   3.0151274e-01   3.5418283e-01   3.8168395e-01   3.2601734e-01   4.2776113e-01   3.5544333e-01   4.0875415e-01   2.6770947e-01   2.5709794e-01
   4.4606139e-01   4.2289607e-01   3.0596611e-01   3.0596611e-01   6.9593039e-01   3.9327257e-01   3.4172040e-01   7.2904254e-01   5.5284899e-01   9.6603257e-02   9.6603257e-02   3.0596611e-01   3.9622682e-01   6.6835886e-01   3.9622682e-01   3.3637311e-01   3.9622682e-01   9.6603257e-02
   4.7395069e-01   5.0827273e-01   3.9874354e-01   3.9874354e-01   6.1109298e-01   3.9874354e-01   9.6603257e-02   5.6922092e-01   3.4990138e-01   9.6603257e-02   9.6603257e-02   3.9874354e-01   9.6603257e-02   5.3369878e-01   4.1714148e-01   4.8303754e-01   5.1036809e-01   3.5832130e-01
   4.0277655e-01   2.9390479e-01   4.2754344e-01   1.5775240e-01   5.8996184e-01   3.4720127e-01   9.6603257e-02   6.4292160e-01   3.5132377e-01   2.7913135e-01   3.2876931e-01   3.9261621e-01   3.1758546e-01   5.3988273e-01   3.4990138e-01   4.0579228e-01   3.6468555e-01   3.0969715e-01
   3.9876905e-01   3.6608791e-01   3.1335478e-01   3.1335478e-01   5.7253001e-01   4.3203844e-01   9.6603257e-02   7.4644219e-01   3.8989035e-01   2.8022769e-01   3.1335478e-01   3.1870888e-01   3.3989315e-01   5.5296286e-01   3.3914302e-01   3.9070325e-01   5.0180023e-01   5.0118660e-01
   2.7014602e-01   3.1227718e-01   4.1427375e-01   3.0786294e-01   4.5771740e-01   3.0536947e-01   9.6603257e-02   7.4355123e-01   3.8866909e-01   9.6603257e-02   9.6603257e-02   3.2226601e-01   3.2226601e-01   5.0057126e-01   2.7570045e-01   2.8848146e-01   4.6854421e-01   9.6603257e-02
   5.9238813e-01   5.3419698e-01   4.4435935e-01   9.6603257e-02   4.6222746e-01   9.6603257e-02   9.6603257e-02   7.4203164e-01   3.8032366e-01   9.6603257e-02   9.6603257e-02   5.3082395e-01   9.6603257e-02   5.9537321e-01   5.6644081e-01   9.6603257e-02   4.2921903e-01   9.6603257e-02
   4.4966720e-01   4.6850956e-01   3.4264797e-01   3.4264797e-01   5.0246547e-01   3.7273277e-01   3.1836694e-01   6.5844120e-01   3.5040469e-01   9.6603257e-02   3.2857042e-01   3.4264797e-01   2.7849332e-01   4.1344701e-01   3.3647410e-01   4.2913552e-01   4.1991851e-01   2.9168171e-01
   3.1460976e-01   4.2587836e-01   3.0714622e-01   3.1792392e-01   6.3373153e-01   3.0714622e-01   9.6603257e-02   6.7939681e-01   3.3796243e-01   9.6603257e-02   3.0714622e-01   9.6603257e-02   9.6603257e-02   3.9662208e-01   4.3679518e-01   3.6493483e-01   3.6493483e-01   9.6603257e-02
   4.9375788e-01   4.3048158e-01   4.3073657e-01   3.2216469e-01   6.6540803e-01   3.9362883e-01   9.6603257e-02   6.9399289e-01   3.4222991e-01   9.6603257e-02   3.6547354e-01   4.3949465e-01   3.5606577e-01   6.5924067e-01   3.4941810e-01   4.7768509e-01   3.1130497e-01   2.9864747e-01
   4.6810992e-01   4.1028760e-01   3.1945240e-01   3.1338661e-01   6.5567472e-01   2.6584372e-01   4.2455541e-01   4.8376963e-01   3.1893219e-01   9.6603257e-02   2.5651494e-01   3.0634472e-01   2.6732057e-01   5.3282881e-01   3.6641654e-01   2.8182363e-01   2.9394126e-01   2.9891014e-01
   5.1420467e-01   4.6625165e-01   9.6603257e-02   3.0455504e-01   5.3432648e-01   3.3743103e-01   9.6603257e-02   7.2950295e-01   3.1654726e-01   9.6603257e-02   2.6724479e-01   2.9489314e-01   3.0077100e-01   3.9044339e-01   3.6220252e-01   2.9711026e-01   5.4710126e-01   5.0900793e-01
   2.8046288e-01   2.8106568e-01   3.1925333e-01   3.5205956e-01   4.6212405e-01   3.4990138e-01   9.6603257e-02   6.8907894e-01   2.5215459e-01   3.1925333e-01   2.5215459e-01   3.1925333e-01   3.1925333e-01   5.4689740e-01   3.8629627e-01   3.2842281e-01   4.8898079e-01   2.7409377e-01
   3.5965115e-01   4.6503353e-01   2.7400686e-01   3.3637311e-01   5.8285852e-01   3.8902962e-01   9.6603257e-02   7.3443052e-01   4.1916174e-01   9.6603257e-02   3.2580066e-01   3.2580066e-01   4.4691698e-01   5.0013850e-01   2.8939508e-01   3.8345243e-01   3.3078226e-01   3.1741298e-01
   4.3588813e-01   4.5608483e-01   3.2312364e-01   3.1798445e-01   3.9497519e-01   4.0745355e-01   9.6603257e-02   6.9224337e-01   4.2400993e-01   3.1627818e-01   1.7803499e-01   3.0651212e-01   3.1939088e-01   4.4196221e-01   2.9726515e-01   3.7335075e-01   4.8782901e-01   2.8002076e-01
   4.1017628e-01   4.1005069e-01   3.2787758e-01   3.1588734e-01   3.7660576e-01   3.3865133e-01   9.6603257e-02   7.3306915e-01   3.2689085e-01   9.6603257e-02   2.3247238e-01   3.0090116e-01   3.2271982e-01   6.6988448e-01   2.5215459e-01   3.6864722e-01   4.7056007e-01   5.1075519e-01
   5.3956088e-01   2.6222214e-01   9.6603257e-02   2.5215459e-01   4.2374061e-01   3.6802431e-01   9.6603257e-02   7.1702728e-01   2.6433867e-01   9.6603257e-02   3.4319680e-01   5.1327158e-01   3.5832130e-01   4.9291903e-01   4.6854034e-01   4.5904021e-01   4.5455644e-01   9.6603257e-02
   4.5440182e-01   3.7286744e-01   3.1571386e-01   3.3489375e-01   5.6683726e-01   4.3516430e-01   9.6603257e-02   7.1834629e-01   3.2332092e-01   2.5215459e-01   3.2453682e-01   3.1571386e-01   3.5377789e-01   5.7846342e-01   3.2332092e-01   4.9142466e-01   3.9347450e-01   3.1849036e-01
   5.0165683e-01   4.5723443e-01   3.5643519e-01   3.4112396e-01   6.7552986e-01   3.7506167e-01   9.6603257e-02   5.0314215e-01   3.4626220e-01   9.6603257e-02   9.6603257e-02   3.5643519e-01   3.4015451e-01   4.9467226e-01   3.3502493e-01   4.7687079e-01   5.2037568e-01   2.8473581e-01
   9.6603257e-02   1.7212302e-01   2.7351218e-01   3.3789572e-01   5.2616140e-01   3.4015451e-01   9.6603257e-02   7.3660488e-01   3.4990138e-01   9.6603257e-02   1.8927919e-01   3.6530975e-01   3.3789572e-01   5.4824559e-01   2.9816462e-01   4.3567934e-01   2.9816462e-01   9.6603257e-02
   2.9370741e-01   3.0887008e-01   2.9394126e-01   3.2798573e-01   6.4266470e-01   3.0240947e-01   3.1469805e-01   6.3932300e-01   3.4846228e-01   9.6603257e-02   2.8172128e-01   2.5215459e-01   2.7336015e-01   5.5106174e-01   2.9392596e-01   4.2040494e-01   2.9997360e-01   9.6603257e-02
   4.4970986e-01   3.6169374e-01   9.6603257e-02   9.6603257e-02   7.2381457e-01   4.4808896e-01   9.6603257e-02   5.7470534e-01   2.7324164e-01   9.6603257e-02   3.4079960e-01   5.1211515e-01   3.0220432e-01   5.4334651e-01   4.1400887e-01   3.3778880e-01   3.6434418e-01   3.2862904e-01
   3.8345243e-01   3.5787296e-01   9.6603257e-02   4.6330327e-01   5.8436162e-01   4.7551767e-01   9.6603257e-02   7.1638661e-01   4.4603917e-01   9.6603257e-02   3.4990138e-01   4.6330327e-01   9.6603257e-02   5.3706119e-01   3.1741298e-01   4.5999665e-01   3.1010581e-01   2.7400686e-01
   5.0148721e-01   4.9220035e-01   3.8208700e-01   4.0927254e-01   5.9998366e-01   3.7164085e-01   9.6603257e-02   5.8399142e-01   3.5205956e-01   2.6889225e-01   2.9575092e-01   3.3712403e-01   3.4621053e-01   5.3000137e-01   4.0007649e-01   4.6927508e-01   3.0938787e-01   2.8731095e-01
   2.8250556e-01   4.1446229e-01   4.8410548e-01   4.7301711e-01   5.9152274e-01   4.0120758e-01   3.1022686e-01   7.4052443e-01   3.6839802e-01   9.6603257e-02   2.8669582e-01   5.8133584e-01   3.2427695e-01   6.6726579e-01   1.5285275e-01   3.9256504e-01   4.0785896e-01   9.6603257e-02
   4.5614107e-01   3.8866909e-01   3.4990138e-01   3.4990138e-01   6.1684443e-01   3.8479941e-01   9.6603257e-02   4.6221167e-01   4.3666433e-01   9.6603257e-02   9.6603257e-02   3.4990138e-01   9.6603257e-02   4.9639271e-01   3.3021157e-01   3.4990138e-01   3.4172040e-01   3.3637311e-01
   4.9280154e-01   5.7867919e-01   3.7864478e-01   3.9874354e-01   6.1109298e-01   3.5715773e-01   9.6603257e-02   6.5549554e-01   3.5920541e-01   9.6603257e-02   9.6603257e-02   3.5920541e-01   9.6603257e-02   5.6982526e-01   3.8166693e-01   4.6969677e-01   3.1604014e-01   3.3728687e-01
   4.7141162e-01   4.3962236e-01   3.4719138e-01   3.5705642e-01   5.6981639e-01   3.7635070e-01   9.6603257e-02   7.1769973e-01   3.6155594e-01   2.6815175e-01   3.0093792e-01   3.3234456e-01   3.1610067e-01   5.4350510e-01   3.6770637e-01   4.8293957e-01   3.6914414e-01   3.2471131e-01
   3.5984869e-01   4.0305457e-01   4.5129941e-01   4.4562046e-01   7.1248431e-01   4.3707980e-01   9.6603257e-02   7.3854349e-01   4.0800971e-01   9.6603257e-02   2.9155330e-01   4.8716412e-01   3.3454365e-01   5.4264004e-01   3.1840516e-01   3.6742895e-01   5.2673734e-01   9.6603257e-02
   2.7912101e-01   3.3347748e-01   3.0573549e-01   2.7660490e-01   7.3794769e-01   3.9215474e-01   4.8309200e-01   5.2749226e-01   3.8457266e-01   9.6603257e-02   2.4375385e-01   4.4603454e-01   3.0904291e-01   3.9749972e-01   3.4365777e-01   2.6433063e-01   3.8079377e-01   3.0904291e-01
   2.1389602e-01   2.1389602e-01   1.7601453e-01   9.6603257e-02   6.6221120e-01   3.7057225e-01   9.6603257e-02   7.4422543e-01   9.6603257e-02   9.6603257e-02   2.5215459e-01   3.4515128e-01   3.3401248e-01   6.7787281e-01   2.1389602e-01   3.4515128e-01   3.3401248e-01   9.6603257e-02
   4.0260736e-01   4.0834276e-01   3.9175310e-01   3.2053361e-01   5.8023355e-01   3.7208840e-01   9.6603257e-02   6.8131834e-01   3.3401248e-01   9.6603257e-02   3.3541481e-01   9.6603257e-02   3.5493135e-01   5.5897951e-01   3.3963500e-01   5.0389554e-01   3.1969019e-01   9.6603257e-02
   3.0459261e-01   4.4184043e-01   3.8045370e-01   3.8045370e-01   7.2812625e-01   2.8459060e-01   9.6603257e-02   4.4603917e-01   3.4508000e-01   9.6603257e-02   2.0162624e-01   4.5807708e-01   2.6274370e-01   5.4758202e-01   2.7378758e-01   2.0162624e-01   3.0459261e-01   9.6603257e-02
   4.6315083e-01   4.8956737e-01   3.3867706e-01   3.3867706e-01   7.6701801e-01   5.7657584e-01   9.6603257e-02   6.1314815e-01   3.5763358e-01   9.6603257e-02   3.3867706e-01   3.0379179e-01   5.1938506e-01   6.3396365e-01   3.7684167e-01   3.9187241e-01   5.1938506e-01   3.3867706e-01
   5.9543504e-01   4.3677554e-01   3.6486000e-01   3.6486000e-01   5.8938114e-01   3.4656249e-01   9.6603257e-02   7.4361712e-01   3.4656249e-01   9.6603257e-02   3.4656249e-01   3.5449331e-01   3.4656249e-01   5.1940930e-01   3.7628085e-01   3.4656249e-01   5.4029521e-01   9.6603257e-02
   3.2255825e-01   3.8002798e-01   3.2718412e-01   3.6695866e-01   6.2758900e-01   3.7363050e-01   3.3748630e-01   5.9608169e-01   3.9108566e-01   9.6603257e-02   3.3460820e-01   3.2638072e-01   3.4128826e-01   4.4334258e-01   3.2172047e-01   3.4990138e-01   2.8737401e-01   2.6684475e-01
   4.3527067e-01   6.7870093e-01   3.9083981e-01   4.8898079e-01   5.9309536e-01   3.4990138e-01   9.6603257e-02   6.3504486e-01   4.9715405e-01   9.6603257e-02   9.6603257e-02   9.6603257e-02   1.8725732e-01   4.2706213e-01   2.9340359e-01   2.1647877e-01   5.3438840e-01   9.6603257e-02
   3.9907453e-01   3.9493236e-01   3.3192023e-01   3.4954733e-01   7.0276967e-01   4.2628235e-01   3.7554878e-01   7.1134736e-01   3.0278193e-01   9.6603257e-02   9.6603257e-02   3.6674392e-01   9.6603257e-02   4.7989850e-01   3.3739217e-01   3.7832121e-01   4.1269227e-01   3.3739217e-01
   4.2698806e-01   4.6889202e-01   3.8322614e-01   4.3666433e-01   4.2862074e-01   2.9611836e-01   9.6603257e-02   6.3820189e-01   3.5650569e-01   9.6603257e-02   9.6603257e-02   3.8322614e-01   3.7097271e-01   3.8885092e-01   2.9611836e-01   4.7679183e-01   3.6231737e-01   3.4172040e-01
   3.1627127e-01   3.5621771e-01   3.6362942e-01   3.4308284e-01   5.0325691e-01   3.6745245e-01   9.6603257e-02   5.5044724e-01   3.6804598e-01   2.6645747e-01   2.7270180e-01   3.2294929e-01   3.4754537e-01   5.0048046e-01   3.5443767e-01   3.1412238e-01   3.0456037e-01   2.7791670e-01
   4.0079691e-01   4.4580870e-01   4.0659056e-01   4.2507916e-01   6.7305154e-01   4.6360458e-01   9.6603257e-02   6.3530502e-01   4.1544304e-01   9.6603257e-02   9.6603257e-02   4.4454480e-01   2.8027897e-01   5.2005991e-01   3.4990138e-01   4.1720813e-01   3.6715534e-01   1.5775240e-01
   3.9524585e-01   3.4990138e-01   3.0596611e-01   3.6699582e-01   6.5576050e-01   3.6985441e-01   3.1820236e-01   6.9810992e-01   3.4323806e-01   9.6603257e-02   9.6603257e-02   3.5304504e-01   2.9919347e-01   4.5068984e-01   3.1775747e-01   3.5352600e-01   3.5767214e-01   3.1820236e-01
   4.6477647e-01   3.6194556e-01   3.3401248e-01   9.6603257e-02   7.0009394e-01   4.7483015e-01   9.6603257e-02   6.8545883e-01   3.7438974e-01   9.6603257e-02   3.3401248e-01   3.3401248e-01   3.5040469e-01   3.9195462e-01   3.3401248e-01   4.5155085e-01   3.0839556e-01   9.6603257e-02
   3.5308961e-01   3.8345243e-01   3.5308961e-01   3.4887322e-01   6.6892564e-01   3.5965115e-01   9.6603257e-02   7.2123106e-01   3.8791101e-01   9.6603257e-02   3.4887322e-01   3.5308961e-01   2.5215459e-01   6.1520059e-01   9.6603257e-02   5.0167117e-01   3.1741298e-01   3.1741298e-01
   5.2607870e-01   5.5971556e-01   3.2456515e-01   3.8474638e-01   6.3077180e-01   2.6517015e-01   9.6603257e-02   6.0390748e-01   3.2456515e-01   9.6603257e-02   9.6603257e-02   3.2885169e-01   3.2456515e-01   5.0000000e-01   5.1247709e-01   3.1069804e-01   5.3082395e-01   5.0919598e-01
   4.3018075e-01   4.8476038e-01   3.2204202e-01   3.5350889e-01   7.5254705e-01   3.6188758e-01   9.6603257e-02   4.6231093e-01   4.3018075e-01   9.6603257e-02   3.2052379e-01   3.3611015e-01   3.4656249e-01   5.5734914e-01   4.4435790e-01   2.9091475e-01   5.0630354e-01   3.2052379e-01
   5.5850548e-01   4.8667714e-01   3.6100170e-01   3.6100170e-01   4.4977915e-01   5.3438840e-01   9.6603257e-02   7.2024497e-01   3.9083981e-01   9.6603257e-02   9.6603257e-02   9.6603257e-02   9.6603257e-02   5.3570714e-01   3.5469318e-01   9.6603257e-02   5.4611359e-01   3.6100170e-01
   4.6495007e-01   4.1482222e-01   3.7169725e-01   3.6901184e-01   5.8609208e-01   4.1188929e-01   3.1930068e-01   7.4059329e-01   3.4977136e-01   9.6603257e-02   3.1875964e-01   3.7169725e-01   3.5490301e-01   5.4221539e-01   3.4063792e-01   4.8852304e-01   3.5968071e-01   2.9916940e-01
   3.7647787e-01   4.3770843e-01   5.0839074e-01   3.5235081e-01   7.3228756e-01   3.4324203e-01   9.6603257e-02   7.4075562e-01   3.5235081e-01   9.6603257e-02   3.1405982e-01   3.5020545e-01   3.2344396e-01   5.0490970e-01   3.0682656e-01   3.7647787e-01   5.0839074e-01   3.0682656e-01
   3.6878368e-01   4.4066314e-01   3.3143649e-01   3.5939065e-01   4.3046640e-01   3.4786532e-01   3.0634523e-01   6.2648592e-01   3.5419093e-01   9.6603257e-02   1.1694110e-01   3.4656354e-01   2.9784673e-01   4.1366237e-01   3.0002907e-01   3.2851191e-01   3.6508781e-01   3.0933836e-01
   3.1029908e-01   3.8369944e-01   3.2821199e-01   3.3886622e-01   6.0725526e-01   4.3433051e-01   3.2215275e-01   6.7405316e-01   3.2484321e-01   1.2089667e-01   2.6160510e-01   3.2821199e-01   3.4912633e-01   4.0929484e-01   2.6160510e-01   3.6946896e-01   2.8936804e-01   2.8936804e-01
   3.7809954e-01   4.2607277e-01   9.6603257e-02   2.7218785e-01   4.6343085e-01   4.6797598e-01   9.6603257e-02   7.9931047e-01   4.3110454e-01   9.6603257e-02   2.9392748e-01   2.9392748e-01   3.9412028e-01   5.2263071e-01   3.1224789e-01   4.4360497e-01   4.9045195e-01   4.3110454e-01
   2.4331327e-01   2.6689651e-01   1.3255916e-01   2.9048107e-01   4.8582975e-01   2.1389602e-01   9.6603257e-02   6.9307846e-01   2.6689651e-01   9.6603257e-02   1.7467197e-01   3.5767214e-01   1.7467197e-01   5.7169980e-01   2.2790642e-01   2.5150900e-01   3.0296425e-01   3.5767214e-01
   4.0338741e-01   4.5860158e-01   3.6438287e-01   3.5704118e-01   6.6132974e-01   3.6795291e-01   2.8274440e-01   5.6077738e-01   4.3093877e-01   9.6603257e-02   3.1682620e-01   3.1272252e-01   3.2200364e-01   4.8354194e-01   3.8981304e-01   3.9534738e-01   3.1261314e-01   9.6603257e-02
   3.7126056e-01   3.6109202e-01   2.7070924e-01   2.9078125e-01   6.5196689e-01   4.4881762e-01   2.7825144e-01   7.2610448e-01   3.4174796e-01   9.6603257e-02   3.4111602e-01   2.7070924e-01   3.6011111e-01   4.7309314e-01   3.3660492e-01   4.5902680e-01   3.2958034e-01   3.0578046e-01
   4.1285973e-01   5.4095979e-01   5.0667317e-01   4.8068303e-01   7.3131879e-01   4.4126485e-01   9.6603257e-02   7.3851050e-01   4.8639538e-01   9.6603257e-02   9.6603257e-02   3.3789572e-01   2.9816462e-01   4.9507489e-01   3.3502493e-01   3.3502493e-01   5.2037568e-01   4.5004027e-01
   4.1296316e-01   4.5379247e-01   4.1016851e-01   4.5908799e-01   4.8630903e-01   3.5040469e-01   9.6603257e-02   6.6458519e-01   3.5040469e-01   9.6603257e-02   9.6603257e-02   4.1016851e-01   9.6603257e-02   4.8871783e-01   3.5040469e-01   4.5106163e-01   3.6039289e-01   3.2555538e-01
   3.7913840e-01   4.5475076e-01   3.4914840e-01   4.0126772e-01   6.2678702e-01   4.3679518e-01   9.6603257e-02   7.1963459e-01   4.2251777e-01   2.8692812e-01   3.7891095e-01   4.3749491e-01   3.2885169e-01   4.1411376e-01   3.2789187e-01   4.5475076e-01   3.4452109e-01   9.6603257e-02
   2.7276062e-01   4.0874562e-01   3.0148050e-01   3.8369944e-01   7.0742963e-01   2.7849332e-01   9.6603257e-02   5.9069186e-01   2.7849332e-01   9.6603257e-02   3.2555538e-01   2.6398718e-01   9.6603257e-02   5.8703684e-01   4.1016851e-01   2.5216861e-01   9.6603257e-02   9.6603257e-02
   4.8880286e-01   3.9083981e-01   9.6603257e-02   9.6603257e-02   6.3125116e-01   5.2964414e-01   9.6603257e-02   7.5661325e-01   4.4705568e-01   9.6603257e-02   3.8810606e-01   5.3438840e-01   2.7714452e-01   5.6808405e-01   3.5737003e-01   2.7714452e-01   4.6528458e-01   3.5469318e-01
   3.0596611e-01   3.0596611e-01   9.6603257e-02   5.2142544e-01   6.4295919e-01   4.2143597e-01   5.2142544e-01   7.4563611e-01   5.2142544e-01   9.6603257e-02   9.6603257e-02   5.2142544e-01   4.8423490e-01   6.1520059e-01   3.3021157e-01   3.9327257e-01   5.2142544e-01   5.2142544e-01
