   3.9638668e-01   2.6641077e-01   2.5215459e-01   1.8574666e-01   4.0757347e-01   4.2587836e-01   9.6603257e-02   5.1450817e-01   2.5215459e-01   9.6603257e-02   4.9967705e-01   9.6603257e-02   4.6128313e-01   3.8983617e-01   2.9488418e-01   4.8196948e-01   3.3739217e-01   9.6603257e-02
   3.0108630e-01   2.5972818e-01   3.3637311e-01   3.6231737e-01   4.8566424e-01   3.9524585e-01   9.6603257e-02   5.0200622e-01   3.5650569e-01   9.6603257e-02   2.6689651e-01   3.4990138e-01   9.6603257e-02   3.4538178e-01   2.6573770e-01   4.2726384e-01   2.9611836e-01   1.9108375e-01
   5.0334794e-01   2.7813583e-01   3.7262844e-01   3.7262844e-01   4.2912905e-01   3.2948486e-01   9.6603257e-02   4.9305229e-01   3.6054528e-01   9.6603257e-02   2.8128425e-01   5.2253978e-01   2.7533188e-01   2.7144915e-01   4.0122789e-01   3.8872319e-01   4.2910536e-01   1.5640888e-01
   4.1296316e-01   2.7849332e-01   9.6603257e-02   9.6603257e-02   3.2804791e-01   3.0148050e-01   9.6603257e-02   4.6264449e-01   2.2188205e-01   9.6603257e-02   3.0932170e-01   3.2555538e-01   2.8601041e-01   4.3336459e-01   3.0932170e-01   5.0620354e-01   3.1836996e-01   3.6171249e-01
   2.5841452e-01   2.6290240e-01   3.5171330e-01   3.0745740e-01   4.7458844e-01   3.6626847e-01   3.2123477e-01   6.7851981e-01   3.3617202e-01   3.5171330e-01   9.6603257e-02   3.2142348e-01   3.2652706e-01   5.1651807e-01   1.9639948e-01   3.2652706e-01   3.2862904e-01   9.6603257e-02
   3.0657506e-01   2.7383796e-01   9.6603257e-02   9.6603257e-02   6.7583354e-01   3.7889029e-01   4.7684462e-01   6.3691642e-01   2.9700101e-01   9.6603257e-02   2.9453606e-01   9.6603257e-02   3.1671302e-01   4.5334363e-01   3.2937251e-01   3.6807121e-01   3.4425325e-01   9.6603257e-02
   2.8464757e-01   3.6651168e-01   2.5215459e-01   2.5458625e-01   4.9357934e-01   2.9585029e-01   9.6603257e-02   3.7623120e-01   3.1920193e-01   9.6603257e-02   2.8896961e-01   3.7273277e-01   3.0048374e-01   2.5925447e-01   2.9019338e-01   2.9368980e-01   2.6168329e-01   2.1389602e-01
   5.3175445e-01   2.5470835e-01   9.6603257e-02   1.1979149e-01   3.6164039e-01   4.9395038e-01   4.7826341e-01   5.4785197e-01   2.5215459e-01   9.6603257e-02   2.5931747e-01   9.6603257e-02   2.9091475e-01   2.5734418e-01   2.4754013e-01   4.9118192e-01   3.3499069e-01   2.5215459e-01
   3.8599154e-01   3.1723368e-01   2.6727231e-01   2.5474571e-01   4.3118667e-01   2.6044632e-01   1.2858584e-01   4.1157030e-01   2.5437512e-01   1.5775240e-01   2.5215459e-01   2.7310531e-01   2.8388628e-01   2.5953332e-01   2.5837542e-01   3.3063620e-01   3.3545694e-01   3.0034045e-01
   2.9310030e-01   3.3563759e-01   3.0508907e-01   3.2029264e-01   3.8916060e-01   3.4187415e-01   2.9310055e-01   5.8287657e-01   3.1544126e-01   2.9121051e-01   2.6135930e-01   3.4046946e-01   3.4606402e-01   3.0887058e-01   2.6865903e-01   2.9006877e-01   3.3192005e-01   2.9382346e-01
   3.7997873e-01   1.7212302e-01   2.1511449e-01   1.7212302e-01   3.5016580e-01   7.1824073e-01   9.6603257e-02   6.8742853e-01   2.0173210e-01   3.0484964e-01   1.7212302e-01   9.6603257e-02   4.5004027e-01   2.3247238e-01   2.3516003e-01   4.0595000e-01   9.6603257e-02   9.6603257e-02
   3.8818873e-01   2.6039597e-01   2.6240118e-01   2.3710042e-01   4.0393201e-01   2.7531604e-01   2.6377845e-01   2.9597798e-01   2.5445252e-01   2.6377845e-01   2.5622882e-01   2.5338960e-01   2.7431058e-01   2.5186771e-01   2.6148105e-01   2.8768744e-01   3.0438006e-01   2.7853448e-01
   2.5883789e-01   2.5502381e-01   9.6603257e-02   3.4990138e-01   5.4389805e-01   4.3424369e-01   9.6603257e-02   4.8808471e-01   9.6603257e-02   9.6603257e-02   9.6603257e-02   9.6603257e-02   9.6603257e-02   1.7304522e-01   2.1511107e-01   2.9158894e-01   9.6603257e-02   9.6603257e-02
   2.6343893e-01   3.3343839e-01   2.6343893e-01   3.1610085e-01   5.4370781e-01   3.5631556e-01   2.9607332e-01   4.6349229e-01   2.7243109e-01   9.6603257e-02   2.9577154e-01   2.5977485e-01   3.3369638e-01   3.1098867e-01   2.6930803e-01   3.1383463e-01   2.9781673e-01   1.5775240e-01
   2.6345874e-01   2.6302304e-01   2.4662142e-01   2.5965206e-01   4.9640421e-01   2.5836498e-01   2.1389602e-01   4.0427467e-01   2.5873082e-01   9.6603257e-02   1.8904560e-01   2.6057537e-01   2.5818490e-01   2.8620340e-01   2.5642418e-01   2.6023924e-01   2.6257841e-01   2.5855319e-01
   3.0608918e-01   2.9719867e-01   9.6603257e-02   9.6603257e-02   2.6492187e-01   5.4153309e-01   2.5215459e-01   7.1695060e-01   2.6153566e-01   2.8697060e-01   2.3247238e-01   9.6603257e-02   3.7677288e-01   2.5479898e-01   2.6487852e-01   4.1003125e-01   2.9719867e-01   9.6603257e-02
   4.5587631e-01   3.1459784e-01   2.7392745e-01   2.7392745e-01   2.9485268e-01   3.0551151e-01   9.6603257e-02   5.3582842e-01   3.2714705e-01   9.6603257e-02   3.7913840e-01   2.7392745e-01   3.0551151e-01   2.6875446e-01   3.2714705e-01   4.2713815e-01   3.0842122e-01   3.4930988e-01
   3.6169374e-01   3.2793313e-01   3.6030737e-01   3.7426241e-01   4.2751730e-01   2.7736455e-01   9.6603257e-02   5.0871216e-01   3.0415524e-01   9.6603257e-02   2.5215459e-01   3.2362634e-01   2.8799871e-01   3.4990138e-01   2.8298673e-01   3.0419213e-01   3.3872151e-01   3.2460741e-01
   3.9624111e-01   3.4770921e-01   3.1231665e-01   3.4598044e-01   4.6001452e-01   3.0460899e-01   9.6603257e-02   4.9537655e-01   3.0201227e-01   9.6603257e-02   9.6603257e-02   2.9509068e-01   2.6087574e-01   3.4957261e-01   3.3007595e-01   4.1568735e-01   3.3785224e-01   2.6882091e-01
   4.9622773e-01   2.9043917e-01   9.6603257e-02   1.7304522e-01   3.4177139e-01   5.3640066e-01   9.6603257e-02   6.0681670e-01   2.4158868e-01   9.6603257e-02   2.1511107e-01   9.6603257e-02   9.6603257e-02   3.0756119e-01   2.1513202e-01   3.4990138e-01   3.4990138e-01   9.6603257e-02
   2.9449143e-01   3.4043582e-01   3.3405334e-01   3.0908264e-01   4.5426925e-01   3.3648632e-01   9.6603257e-02   4.8826706e-01   3.7660576e-01   9.6603257e-02   2.8011149e-01   2.5215459e-01   2.7954495e-01   2.6717245e-01   2.8327792e-01   3.1641787e-01   2.7812642e-01   1.2414960e-01
   4.2680333e-01   2.6472398e-01   2.9025278e-01   2.5461594e-01   4.3337884e-01   4.0154341e-01   2.9986371e-01   4.9396675e-01   2.6482742e-01   9.6603257e-02   4.1455288e-01   3.2440043e-01   3.5165516e-01   3.7408835e-01   4.2676548e-01   4.5674498e-01   2.9986371e-01   9.6603257e-02
   2.9959578e-01   2.8381145e-01   1.3862465e-01   2.1389602e-01   3.8795153e-01   3.0730252e-01   9.6603257e-02   6.1569073e-01   2.7049303e-01   3.0996648e-01   1.2194017e-01   2.5215459e-01   2.6200389e-01   3.6267492e-01   3.0613700e-01   3.1944866e-01   3.2853060e-01   9.6603257e-02
   4.2565739e-01   3.5205956e-01   9.6603257e-02   9.6603257e-02   4.5068984e-01   3.9362204e-01   9.6603257e-02   8.0215630e-01   4.2706213e-01   9.6603257e-02   9.6603257e-02   9.6603257e-02   3.9362204e-01   5.8100228e-01   3.4990138e-01   3.9362204e-01   9.6603257e-02   9.6603257e-02
   2.8764635e-01   2.6155005e-01   9.6603257e-02   3.0745740e-01   4.2921903e-01   5.1069419e-01   9.6603257e-02   7.1882845e-01   3.4990138e-01   9.6603257e-02   9.6603257e-02   9.6603257e-02   3.5643519e-01   4.5159741e-01   3.2123477e-01   3.0745740e-01   3.0745740e-01   9.6603257e-02
   4.4974592e-01   3.4861038e-01   2.4691932e-01   2.3931243e-01   4.5846377e-01   3.9294249e-01   1.5841226e-01   4.2101200e-01   3.3177945e-01   2.6145651e-01   3.2654498e-01   1.9159906e-01   3.3446548e-01   3.4317275e-01   3.6453406e-01   4.3397426e-01   3.0860356e-01   2.8752144e-01
   4.3927026e-01   4.7802715e-01   1.6023197e-01   1.6023197e-01   2.5928476e-01   2.9099694e-01   9.6603257e-02   2.9179192e-01   3.5167345e-01   9.6603257e-02   2.5348050e-01   9.6603257e-02   2.6489372e-01   1.6023197e-01   6.9910230e-01   3.3024145e-01   2.5215459e-01   9.6603257e-02
   3.0887058e-01   3.6360165e-01   3.2175419e-01   3.5747843e-01   4.0483286e-01   3.8923189e-01   3.0352228e-01   6.5009862e-01   3.4412520e-01   9.6603257e-02   2.9513688e-01   3.0876277e-01   3.1389472e-01   3.7153534e-01   2.8458241e-01   3.9524585e-01   3.1197253e-01   3.0663232e-01
   3.3412300e-01   4.5031533e-01   3.6903021e-01   3.6525857e-01   4.2714090e-01   3.6198903e-01   3.1378081e-01   5.6594732e-01   3.5984869e-01   9.6603257e-02   2.8724521e-01   3.4343415e-01   2.9852381e-01   3.7200210e-01   3.4678524e-01   3.8383078e-01   3.1220210e-01   2.8070187e-01
   2.7372919e-01   3.0146864e-01   3.2462468e-01   3.0009460e-01   6.0270448e-01   3.2143083e-01   9.6603257e-02   6.3892819e-01   2.9911463e-01   9.6603257e-02   1.5775240e-01   3.7098370e-01   1.3619244e-01   5.9559438e-01   1.3619244e-01   2.6158380e-01   9.6603257e-02   9.6603257e-02
   4.9381605e-01   4.4138915e-01   9.6603257e-02   3.1569916e-01   4.4927704e-01   4.5756728e-01   9.6603257e-02   5.1372036e-01   3.0842122e-01   9.6603257e-02   1.8369233e-01   9.6603257e-02   3.5160860e-01   3.4990138e-01   3.7200210e-01   3.4848333e-01   3.1569916e-01   9.6603257e-02
   2.5916621e-01   2.6151570e-01   2.6477324e-01   2.7540339e-01   3.6778569e-01   3.7660576e-01   9.6603257e-02   6.9268013e-01   3.3301768e-01   9.6603257e-02   2.9068609e-01   3.4990138e-01   3.2478949e-01   3.9997738e-01   2.8781351e-01   2.8607820e-01   3.3301768e-01   2.6477324e-01
   4.5106163e-01   9.6603257e-02   9.6603257e-02   9.6603257e-02   5.4702703e-01   9.6603257e-02   9.6603257e-02   7.3948296e-01   9.6603257e-02   5.4091201e-01   3.7208840e-01   3.6039289e-01   5.0194726e-01   3.1836996e-01   3.6171249e-01   4.2033766e-01   9.6603257e-02   4.5106163e-01
   3.0168408e-01   2.7649959e-01   2.9028532e-01   2.5749954e-01   4.6702320e-01   3.7811866e-01   3.0651762e-01   4.5760707e-01   2.6803611e-01   9.6603257e-02   2.6464798e-01   3.0228432e-01   3.3887271e-01   3.0087910e-01   2.8519742e-01   4.1735885e-01   3.6520360e-01   9.6603257e-02
   4.2806416e-01   3.3203482e-01   2.7736471e-01   2.5112532e-01   3.7236016e-01   2.8915488e-01   2.6922158e-01   3.0321110e-01   2.6777263e-01   2.6376991e-01   2.5824152e-01   2.7777343e-01   3.1088703e-01   2.6978775e-01   2.6056319e-01   3.2652759e-01   2.6981841e-01   2.6145651e-01
   3.8754961e-01   4.2436326e-01   3.6171249e-01   3.6171249e-01   4.5908799e-01   3.1836996e-01   9.6603257e-02   2.8601041e-01   3.9524585e-01   9.6603257e-02   3.2555538e-01   9.6603257e-02   9.6603257e-02   2.4467687e-01   3.3328222e-01   2.5577999e-01   3.6333438e-01   1.7819773e-01
   2.5938995e-01   2.5799656e-01   1.7817309e-01   1.7817309e-01   3.4302313e-01   9.6603257e-02   9.6603257e-02   2.8457519e-01   2.7849332e-01   9.6603257e-02   2.7849332e-01   9.6603257e-02   9.6603257e-02   9.6603257e-02   2.5872576e-01   2.6666873e-01   2.2166146e-01   1.9334331e-01
   3.1703889e-01   2.9800659e-01   2.5215459e-01   2.5215459e-01   4.4480837e-01   2.8957455e-01   9.6603257e-02   4.6541164e-01   2.5898326e-01   9.6603257e-02   2.6806097e-01   2.7757215e-01   2.6043026e-01   2.6516888e-01   2.9584491e-01   3.4053715e-01   3.0068061e-01   1.4108743e-01
   2.5215459e-01   3.1604014e-01   9.6603257e-02   2.7430343e-01   4.6885355e-01   2.6120974e-01   9.6603257e-02   7.0691652e-01   9.6603257e-02   9.6603257e-02   2.6785444e-01   9.6603257e-02   2.6706018e-01   5.7627154e-01   9.6603257e-02   3.4767909e-01   9.6603257e-02   2.5215459e-01
   2.6505066e-01   2.8084577e-01   2.5215459e-01   2.6727321e-01   3.3001316e-01   3.4864991e-01   9.6603257e-02   7.2968370e-01   3.1953003e-01   9.6603257e-02   2.9258005e-01   2.5799460e-01   3.1953003e-01   4.5372381e-01   2.7403851e-01   2.9906082e-01   3.3763182e-01   2.8403561e-01
   5.3497648e-01   4.8691493e-01   3.5374597e-01   2.8722646e-01   3.1202253e-01   2.7672141e-01   4.1785978e-01   2.6920118e-01   3.6682941e-01   1.2154272e-01   2.6690725e-01   2.7998752e-01   3.0421569e-01   2.8461433e-01   4.4330204e-01   3.3037783e-01   2.8683575e-01   2.5211405e-01
   4.3456993e-01   3.4201919e-01   2.7808999e-01   2.7639875e-01   4.5264403e-01   3.5402536e-01   2.6198271e-01   4.1800744e-01   3.3959109e-01   2.5833356e-01   2.7405225e-01   2.9637054e-01   3.0198789e-01   4.6330677e-01   3.1962742e-01   3.5037191e-01   2.9902501e-01   2.7595160e-01
   2.4050199e-01   1.9499849e-01   9.6603257e-02   9.6603257e-02   5.1909637e-01   1.9499849e-01   1.9499849e-01   3.6642956e-01   9.6603257e-02   9.6603257e-02   1.9499849e-01   4.8796817e-01   2.2166023e-01   5.8072559e-01   2.4050199e-01   2.4050199e-01   5.2372487e-01   9.6603257e-02
   3.3162896e-01   2.7779201e-01   2.5215459e-01   2.5215459e-01   3.8477141e-01   2.8431785e-01   2.5215459e-01   5.5759910e-01   2.7447192e-01   9.6603257e-02   2.6442744e-01   2.6442744e-01   1.5775240e-01   4.2026865e-01   2.8431785e-01   2.7107560e-01   3.0155008e-01   3.1031007e-01
   3.5040469e-01   3.0932170e-01   3.1836996e-01   9.6603257e-02   3.3328222e-01   3.7660576e-01   9.6603257e-02   6.0475415e-01   3.1836996e-01   9.6603257e-02   2.7849332e-01   9.6603257e-02   2.7849332e-01   2.5216861e-01   3.2555538e-01   3.7748864e-01   9.6603257e-02   9.6603257e-02
   2.5835876e-01   2.4191214e-01   1.7058985e-01   1.4179499e-01   2.7160056e-01   3.6329208e-01   2.5215459e-01   6.5177459e-01   2.9970890e-01   3.2685701e-01   2.9537517e-01   2.5215459e-01   4.1120961e-01   3.9051024e-01   2.8767922e-01   4.7603853e-01   2.9719320e-01   2.6145651e-01
   2.2651739e-01   9.6603257e-02   2.5215459e-01   9.6603257e-02   3.0394533e-01   2.4379915e-01   2.6785444e-01   5.5211623e-01   2.6263954e-01   9.6603257e-02   9.6603257e-02   9.6603257e-02   9.6603257e-02   2.4397560e-01   2.1389602e-01   1.6104319e-01   5.2628009e-01   9.6603257e-02
   2.6732333e-01   5.2785200e-01   3.7208840e-01   4.0424548e-01   4.5295707e-01   9.6603257e-02   9.6603257e-02   5.4931016e-01   3.7208840e-01   9.6603257e-02   2.9719867e-01   2.7849332e-01   9.6603257e-02   3.5040469e-01   4.0484464e-01   2.8601041e-01   9.6603257e-02   1.7819773e-01
   3.6486000e-01   3.4536535e-01   2.6254408e-01   2.9781665e-01   6.7079649e-01   2.9781665e-01   9.6603257e-02   6.0528440e-01   3.9582480e-01   9.6603257e-02   2.3264918e-01   1.7741296e-01   3.7628085e-01   5.5944913e-01   2.5215459e-01   3.9849465e-01   9.6603257e-02   9.6603257e-02
   2.4160692e-01   3.5546364e-01   5.3640066e-01   2.5215459e-01   3.8358882e-01   3.5609265e-01   9.6603257e-02   7.1707751e-01   3.4990138e-01   9.6603257e-02   9.6603257e-02   2.1513202e-01   6.2437232e-01   3.0815508e-01   6.0475415e-01   4.5903249e-01   3.0745740e-01   9.6603257e-02
   4.7092200e-01   4.0075471e-01   3.4181931e-01   2.9549905e-01   4.3291113e-01   3.4370211e-01   2.8393483e-01   3.9658279e-01   3.2321321e-01   2.6632338e-01   2.9844173e-01   3.0682764e-01   3.2046038e-01   3.0907007e-01   3.0607420e-01   3.8383825e-01   3.1927575e-01   2.6986090e-01
   3.5506447e-01   4.5903249e-01   9.6603257e-02   3.4990138e-01   4.3664107e-01   3.5546364e-01   9.6603257e-02   6.2799790e-01   3.4990138e-01   9.6603257e-02   9.6603257e-02   3.4990138e-01   9.6603257e-02   4.1714148e-01   9.6603257e-02   3.9319036e-01   9.6603257e-02   9.6603257e-02
   2.9342374e-01   3.5965115e-01   3.6171249e-01   3.5965115e-01   5.3405064e-01   2.9330552e-01   1.7819773e-01   6.6941745e-01   2.7443635e-01   9.6603257e-02   2.7443635e-01   1.7819773e-01   2.7443635e-01   2.9330552e-01   3.3202317e-01   3.6171249e-01   4.7214800e-01   2.7849332e-01
   9.6603257e-02   3.3541481e-01   4.3336459e-01   6.0475415e-01   5.3145966e-01   9.6603257e-02   9.6603257e-02   5.5264614e-01   4.5399396e-01   9.6603257e-02   9.6603257e-02   3.2272732e-01   9.6603257e-02   4.7991475e-01   9.6603257e-02   9.6603257e-02   9.6603257e-02   9.6603257e-02
   3.2661565e-01   9.6603257e-02   9.6603257e-02   9.6603257e-02   3.6333438e-01   3.2661565e-01   3.6171249e-01   6.3025230e-01   1.7817309e-01   9.6603257e-02   2.5598518e-01   9.6603257e-02   2.7849332e-01   9.6603257e-02   2.6666873e-01   5.6663541e-01   4.0126772e-01   3.2555538e-01
   4.6702831e-01   4.0718466e-01   2.8954824e-01   2.0702136e-01   3.2695301e-01   3.6438287e-01   2.7325023e-01   5.8541502e-01   3.5554523e-01   9.6603257e-02   2.5709794e-01   2.5215459e-01   3.0266473e-01   2.8038209e-01   3.1161577e-01   3.0580926e-01   3.6557648e-01   2.7642205e-01
   3.3973481e-01   2.2478897e-01   3.1582254e-01   3.1582254e-01   3.5703078e-01   3.0482951e-01   3.1719878e-01   5.5609347e-01   2.7349422e-01   3.1719878e-01   1.7225079e-01   3.0431368e-01   3.0260329e-01   3.2148019e-01   2.5710479e-01   2.5217508e-01   2.6663567e-01   1.3138426e-01
   5.2819110e-01   4.9771294e-01   3.3151485e-01   3.0126257e-01   4.3818186e-01   4.2676548e-01   1.5775240e-01   4.5942441e-01   3.3119961e-01   9.6603257e-02   1.5775240e-01   2.5817766e-01   3.2008755e-01   2.7072906e-01   3.2321857e-01   4.0424548e-01   2.9495246e-01   3.4066627e-01
   3.4990138e-01   3.8850372e-01   9.6603257e-02   2.7566576e-01   4.9847443e-01   3.4990138e-01   9.6603257e-02   5.7209873e-01   3.1184953e-01   2.9916940e-01   3.3024145e-01   2.9419356e-01   3.8728507e-01   3.6133805e-01   3.6525857e-01   4.8836459e-01   3.0382464e-01   3.1184953e-01
   3.3666784e-01   3.3024145e-01   2.8586504e-01   2.7175887e-01   5.9363397e-01   3.5391526e-01   2.6849576e-01   4.7986518e-01   3.5391526e-01   9.6603257e-02   1.4880295e-01   3.1698238e-01   2.9174310e-01   4.3253705e-01   3.6268179e-01   3.1176518e-01   3.6710200e-01   9.6603257e-02
   3.6026908e-01   4.0503666e-01   1.5775240e-01   2.9953240e-01   2.6392631e-01   2.5215459e-01   9.6603257e-02   2.6343959e-01   2.8189345e-01   3.0863581e-01   2.5512907e-01   3.1307794e-01   2.7010545e-01   2.4256089e-01   6.7162962e-01   3.1518205e-01   1.1994157e-01   2.5215459e-01
   3.9918602e-01   4.0028261e-01   3.2787758e-01   3.2022542e-01   5.5866660e-01   3.4990138e-01   9.6603257e-02   4.3646211e-01   3.3401248e-01   9.6603257e-02   2.8451772e-01   2.6179018e-01   3.7660576e-01   3.1359354e-01   3.9195462e-01   3.6734959e-01   3.2787758e-01   3.5554578e-01
   2.5690970e-01   2.7276062e-01   3.1836996e-01   2.6732333e-01   6.9851950e-01   1.7817309e-01   9.6603257e-02   5.7504867e-01   2.2188205e-01   9.6603257e-02   2.5215459e-01   9.6603257e-02   2.7443635e-01   5.1610603e-01   2.4602332e-01   2.4602332e-01   9.6603257e-02   9.6603257e-02
   4.9833323e-01   4.2606694e-01   3.5856258e-01   3.0831821e-01   3.9497519e-01   3.1604014e-01   9.6603257e-02   3.2148019e-01   4.0004598e-01   9.6603257e-02   9.6603257e-02   9.6603257e-02   3.5832130e-01   2.8681585e-01   3.4767909e-01   4.4854484e-01   3.5856258e-01   9.6603257e-02
   3.4990138e-01   4.6854034e-01   9.6603257e-02   2.6313452e-01   4.1233153e-01   5.6320482e-01   3.1010581e-01   6.8979975e-01   3.4887322e-01   9.6603257e-02   3.2563494e-01   3.1741298e-01   9.6603257e-02   4.5999665e-01   4.1563838e-01   4.6854034e-01   3.5787296e-01   9.6603257e-02
   3.2511576e-01   3.3022028e-01   2.6461486e-01   2.7530784e-01   4.5225043e-01   3.9124290e-01   2.8341208e-01   6.1288267e-01   3.1038261e-01   2.9317559e-01   2.8016953e-01   2.8172620e-01   3.6067575e-01   3.2468500e-01   3.1401347e-01   4.2811523e-01   2.9785118e-01   2.7013698e-01
   2.5883789e-01   3.4990138e-01   3.0932170e-01   4.0484464e-01   5.3459902e-01   2.5215459e-01   9.6603257e-02   4.5193470e-01   4.0484464e-01   9.6603257e-02   9.6603257e-02   1.9334331e-01   1.9334331e-01   4.7628812e-01   2.1427684e-01   3.6171249e-01   3.2555538e-01   9.6603257e-02
   4.2128336e-01   3.1981116e-01   2.7448329e-01   2.6275180e-01   5.5203955e-01   4.6125761e-01   1.5775240e-01   6.4183323e-01   3.1892953e-01   9.6603257e-02   2.5215459e-01   3.1286585e-01   3.5145134e-01   3.5054326e-01   3.8369944e-01   4.3363256e-01   3.4672703e-01   9.6603257e-02
   4.1714148e-01   4.2706213e-01   2.5215459e-01   3.4990138e-01   5.0124366e-01   3.4990138e-01   9.6603257e-02   5.8100228e-01   3.5469318e-01   9.6603257e-02   3.5469318e-01   9.6603257e-02   9.6603257e-02   3.8666224e-01   3.5205956e-01   5.1216533e-01   3.1925333e-01   9.6603257e-02
   4.7644198e-01   3.2484662e-01   2.5215459e-01   2.4813698e-01   5.1462676e-01   3.8717362e-01   9.6603257e-02   5.1471718e-01   2.7702861e-01   9.6603257e-02   1.5775240e-01   2.5215459e-01   3.3209869e-01   4.5084549e-01   3.3599379e-01   5.0513520e-01   3.2517879e-01   2.9633001e-01
   3.2661565e-01   3.7660576e-01   3.1405982e-01   3.8276461e-01   4.9470446e-01   5.3696013e-01   9.6603257e-02   7.3602280e-01   2.5215459e-01   9.6603257e-02   2.5215459e-01   9.6603257e-02   3.5020545e-01   2.6854195e-01   9.6603257e-02   4.0424548e-01   4.4501246e-01   9.6603257e-02
   4.8385831e-01   3.6480788e-01   3.9018107e-01   3.5759258e-01   3.8475237e-01   3.6874884e-01   2.5215459e-01   3.4990138e-01   2.2696245e-01   9.6603257e-02   1.7222560e-01   2.7295364e-01   2.5749954e-01   2.5506479e-01   3.6525857e-01   2.7413410e-01   3.0922471e-01   2.7568991e-01
   2.6356737e-01   3.0008105e-01   2.9328875e-01   2.6617964e-01   5.1640185e-01   3.0219315e-01   3.1062499e-01   4.4218535e-01   2.7714452e-01   3.0023710e-01   2.6295810e-01   3.1880440e-01   3.1959213e-01   2.9452710e-01   2.6260298e-01   2.8465421e-01   3.2852178e-01   2.7318122e-01
   3.4535518e-01   3.7353093e-01   3.0313627e-01   3.2249280e-01   4.8709180e-01   3.6117086e-01   3.0332058e-01   5.5790458e-01   3.8084174e-01   9.6603257e-02   2.7469854e-01   3.0884994e-01   3.3486509e-01   3.8981383e-01   3.9209449e-01   3.4459064e-01   4.3447398e-01   9.6603257e-02
   2.6673759e-01   2.5993922e-01   9.6603257e-02   9.6603257e-02   2.6193885e-01   3.6171249e-01   9.6603257e-02   4.7628812e-01   2.7849332e-01   9.6603257e-02   2.6732333e-01   3.5040469e-01   1.9334331e-01   3.2016420e-01   3.6039289e-01   4.7707533e-01   3.1836996e-01   9.6603257e-02
   3.9251199e-01   2.8279554e-01   3.1760530e-01   2.9611836e-01   5.4091620e-01   4.2539003e-01   2.7739477e-01   5.9368377e-01   3.0608918e-01   9.6603257e-02   3.4172040e-01   3.0596611e-01   3.0214785e-01   3.2563494e-01   3.5171245e-01   4.8414482e-01   3.1957880e-01   3.3881481e-01
   3.7128322e-01   2.9265498e-01   3.2200500e-01   3.2409152e-01   4.0900464e-01   3.9240709e-01   9.6603257e-02   5.0807880e-01   2.9078791e-01   3.0504688e-01   3.2614187e-01   3.2200500e-01   3.4229370e-01   3.3486509e-01   3.1489095e-01   5.1091285e-01   3.2614187e-01   2.6963664e-01
   2.9162515e-01   3.1650788e-01   3.2441433e-01   2.8050817e-01   4.4234116e-01   3.1969044e-01   2.7008516e-01   4.4965366e-01   2.8369821e-01   9.6603257e-02   2.8214412e-01   3.2441433e-01   3.1077924e-01   3.1869753e-01   2.9574657e-01   3.3119961e-01   3.0077295e-01   2.8008219e-01
   2.7937980e-01   2.8683134e-01   2.6699725e-01   2.7328992e-01   5.2070987e-01   3.7553898e-01   9.6603257e-02   5.1413846e-01   2.8655456e-01   4.9374954e-01   2.7591804e-01   2.5215459e-01   3.2923671e-01   2.7480392e-01   2.8441957e-01   3.3971155e-01   3.0028557e-01   2.5927543e-01
   2.5502381e-01   2.5502381e-01   9.6603257e-02   9.6603257e-02   6.3214790e-01   3.0371255e-01   9.6603257e-02   6.8742853e-01   9.6603257e-02   9.6603257e-02   9.6603257e-02   9.6603257e-02   2.9988598e-01   5.5512365e-01   2.7752002e-01   2.5925447e-01   5.3640066e-01   3.5643519e-01
   2.6398718e-01   4.5106163e-01   1.9334331e-01   3.6333438e-01   3.7208840e-01   2.9719867e-01   4.7214800e-01   6.1337309e-01   3.9524585e-01   9.6603257e-02   2.7443635e-01   2.5215459e-01   1.9334331e-01   2.6087351e-01   2.4602332e-01   3.2555538e-01   9.6603257e-02   1.9334331e-01
   4.2812925e-01   3.8866909e-01   3.2677605e-01   2.8077166e-01   4.1714148e-01   2.7495384e-01   9.6603257e-02   7.2399156e-01   2.7495384e-01   2.5215459e-01   3.5658743e-01   3.2677605e-01   3.5763358e-01   4.1714148e-01   3.6235375e-01   3.9874778e-01   4.8081592e-01   9.6603257e-02
   3.8878569e-01   3.1507479e-01   3.4605982e-01   2.7730980e-01   5.2914012e-01   4.0215070e-01   9.6603257e-02   5.0692061e-01   3.3611508e-01   9.6603257e-02   3.5238785e-01   3.2623747e-01   3.4823783e-01   4.0424548e-01   3.7759638e-01   4.5032830e-01   2.8709580e-01   2.5215459e-01
   3.5519297e-01   3.5912791e-01   3.3538239e-01   3.1948979e-01   3.4990138e-01   4.2072184e-01   3.0529324e-01   6.8591951e-01   3.4175549e-01   9.6603257e-02   3.2338646e-01   3.1192926e-01   2.8494394e-01   3.8825247e-01   3.3151525e-01   3.2342163e-01   3.8825247e-01   3.5899815e-01
   3.1327433e-01   3.0289709e-01   3.7780305e-01   2.8908784e-01   5.1189845e-01   3.8340346e-01   9.6603257e-02   3.9433051e-01   2.6627428e-01   9.6603257e-02   2.6422006e-01   2.4179666e-01   2.9392596e-01   3.0381769e-01   3.6379512e-01   2.7273913e-01   2.9265831e-01   2.7768220e-01
   3.3166480e-01   4.1253241e-01   4.8612385e-01   4.3130584e-01   3.8327992e-01   2.4238349e-01   9.6603257e-02   3.3955949e-01   3.6087119e-01   9.6603257e-02   2.0739106e-01   5.1970901e-01   2.5215459e-01   2.5748732e-01   2.7567706e-01   2.5400592e-01   1.8804093e-01   1.5285275e-01
   3.2360872e-01   3.2377392e-01   3.1296607e-01   3.1599762e-01   4.8621718e-01   3.1459197e-01   2.7319399e-01   4.7402027e-01   3.7398954e-01   2.4092105e-01   3.2117872e-01   3.1345929e-01   3.1070088e-01   3.3190162e-01   3.1465672e-01   3.0598863e-01   2.9496866e-01   2.7324196e-01
   2.9257037e-01   3.2272732e-01   3.2555538e-01   3.6171249e-01   4.5639734e-01   2.6398718e-01   9.6603257e-02   5.4871668e-01   3.2555538e-01   9.6603257e-02   3.9524585e-01   2.6398718e-01   9.6603257e-02   2.7849332e-01   2.8601041e-01   3.7748864e-01   9.6603257e-02   9.6603257e-02
   2.6507656e-01   2.8172854e-01   3.0467222e-01   4.1843583e-01   4.9323054e-01   2.4092105e-01   9.6603257e-02   4.1798215e-01   4.0347782e-01   9.6603257e-02   2.5219100e-01   3.5900931e-01   9.6603257e-02   3.5829430e-01   2.6057716e-01   2.5603942e-01   3.0162163e-01   2.9933375e-01
   3.9452068e-01   3.7138409e-01   3.0328343e-01   2.8365432e-01   4.7255129e-01   3.4263165e-01   9.6603257e-02   4.2329629e-01   3.0803725e-01   9.6603257e-02   2.6656339e-01   3.2541282e-01   2.6624707e-01   3.1313242e-01   3.4340872e-01   3.7865810e-01   3.0350886e-01   3.0328343e-01
   2.5813981e-01   2.4531150e-01   1.8003736e-01   1.4771120e-01   3.4282204e-01   3.2517380e-01   3.4873925e-01   5.7037179e-01   2.4729983e-01   3.0086641e-01   2.5215459e-01   1.2749622e-01   2.7771338e-01   3.0107231e-01   2.3750499e-01   2.8425260e-01   3.3474153e-01   2.6840289e-01
   2.6533943e-01   2.6398718e-01   2.5927543e-01   2.6666873e-01   3.7329982e-01   2.9222339e-01   9.6603257e-02   7.2204889e-01   2.5648750e-01   2.8070187e-01   9.6603257e-02   1.4291825e-01   3.4672260e-01   2.8088100e-01   2.5215459e-01   2.8750827e-01   2.7719554e-01   2.5215459e-01
   4.0632989e-01   3.5355128e-01   3.1799715e-01   2.6732464e-01   3.6280337e-01   2.7479775e-01   2.9322021e-01   5.1557002e-01   2.7544376e-01   9.6603257e-02   2.6096307e-01   3.5664934e-01   3.2963451e-01   4.1138329e-01   3.3907887e-01   3.2023507e-01   3.2350037e-01   2.7194037e-01
   3.1348328e-01   3.2148019e-01   1.9334331e-01   2.2168059e-01   5.2371188e-01   4.4102049e-01   3.1836996e-01   2.5640166e-01   3.7208840e-01   5.4091201e-01   3.2555538e-01   2.4609500e-01   5.4091201e-01   3.5040469e-01   2.5845818e-01   2.6666873e-01   9.6603257e-02   3.2555538e-01
   3.1736631e-01   2.2188205e-01   9.6603257e-02   9.6603257e-02   3.6225195e-01   2.2188205e-01   9.6603257e-02   3.9916597e-01   2.7849332e-01   9.6603257e-02   2.2168059e-01   9.6603257e-02   2.4598230e-01   2.5799656e-01   2.2166023e-01   3.3323126e-01   3.2555538e-01   2.2168059e-01
   3.0026191e-01   3.4324203e-01   9.6603257e-02   9.6603257e-02   5.8285852e-01   5.2920490e-01   9.6603257e-02   5.9155758e-01   2.0409106e-01   9.6603257e-02   2.6377158e-01   9.6603257e-02   3.7511679e-01   4.0978609e-01   3.4707340e-01   4.4411378e-01   9.6603257e-02   9.6603257e-02
   2.6402552e-01   2.8156533e-01   2.8466151e-01   2.6522197e-01   4.6043177e-01   3.0664699e-01   2.7690144e-01   4.3833778e-01   2.8667294e-01   2.7596433e-01   2.6504548e-01   2.7499556e-01   2.9645394e-01   2.8640770e-01   2.8101710e-01   2.7795953e-01   3.0424321e-01   2.8502522e-01
   2.6778696e-01   2.5858050e-01   2.0234574e-01   2.3638347e-01   3.8595340e-01   3.5350997e-01   1.6234186e-01   4.9807538e-01   2.6445143e-01   2.5215459e-01   2.3801452e-01   2.5215459e-01   3.2261362e-01   3.2772893e-01   2.6377191e-01   2.8531563e-01   3.1071639e-01   2.5799460e-01
   3.9524585e-01   3.1962010e-01   9.6603257e-02   9.6603257e-02   6.4552497e-01   4.3137438e-01   9.6603257e-02   7.2758156e-01   5.1526297e-01   9.6603257e-02   9.6603257e-02   3.3299458e-01   3.8948654e-01   4.8796831e-01   9.6603257e-02   4.7705158e-01   9.6603257e-02   9.6603257e-02
   4.1991689e-01   3.4990138e-01   3.4349092e-01   2.6192417e-01   4.8267646e-01   3.5236021e-01   9.6603257e-02   5.3532362e-01   3.2530815e-01   9.6603257e-02   3.1792392e-01   3.5293543e-01   2.5215459e-01   3.6117086e-01   3.7660576e-01   3.8728507e-01   3.2859149e-01   2.6749597e-01
   3.5040469e-01   3.6039289e-01   9.6603257e-02   9.6603257e-02   5.9338347e-01   4.5908799e-01   9.6603257e-02   7.2724088e-01   3.6333438e-01   9.6603257e-02   3.6039289e-01   9.6603257e-02   4.5399396e-01   2.7849332e-01   3.9524585e-01   3.7208840e-01   9.6603257e-02   9.6603257e-02
   4.5155085e-01   5.2785200e-01   9.6603257e-02   3.1836996e-01   5.4704293e-01   2.2168059e-01   9.6603257e-02   6.3820200e-01   4.6850782e-01   9.6603257e-02   2.7443635e-01   9.6603257e-02   3.6171249e-01   3.4600625e-01   4.8305057e-01   3.2661565e-01   3.7208840e-01   9.6603257e-02
   4.0126772e-01   3.6770234e-01   3.0839556e-01   3.3401248e-01   2.9449143e-01   4.2794851e-01   9.6603257e-02   6.4900808e-01   2.5215459e-01   9.6603257e-02   3.7438974e-01   3.3401248e-01   3.4515128e-01   2.9075949e-01   3.7438974e-01   3.4515128e-01   9.6603257e-02   9.6603257e-02
   4.0484464e-01   3.2016420e-01   2.7849332e-01   3.0148050e-01   5.4893837e-01   3.6039289e-01   9.6603257e-02   5.5897951e-01   2.6732333e-01   9.6603257e-02   5.1369097e-01   2.4609500e-01   4.7214800e-01   9.6603257e-02   3.2555538e-01   4.2921903e-01   4.7043735e-01   9.6603257e-02
   3.9402501e-01   3.3997328e-01   1.6717927e-01   2.5215459e-01   4.4537709e-01   4.5778461e-01   9.6603257e-02   5.9082077e-01   2.4375385e-01   9.6603257e-02   3.1519266e-01   1.8257241e-01   3.4395575e-01   2.9173675e-01   2.9195539e-01   5.0321795e-01   3.5864411e-01   2.5215459e-01
   3.1237974e-01   2.6626154e-01   3.0538373e-01   2.6268143e-01   2.6500210e-01   2.7070085e-01   2.6863263e-01   5.9068318e-01   3.5572173e-01   2.7923706e-01   2.3429463e-01   2.8678133e-01   2.7090727e-01   3.1700873e-01   3.4285760e-01   2.7343456e-01   3.0337460e-01   2.6863263e-01
   2.9687447e-01   3.0437613e-01   2.7953234e-01   2.7516294e-01   4.9264236e-01   3.3002763e-01   2.7501456e-01   4.9885903e-01   2.9207006e-01   2.8451637e-01   3.0309016e-01   2.8536001e-01   3.2922101e-01   2.8881378e-01   3.1251131e-01   3.3565855e-01   3.1592266e-01   2.9304912e-01
   2.1986289e-01   3.0099699e-01   1.8921939e-01   1.8921939e-01   2.1389602e-01   2.1986289e-01   6.7629723e-01   2.9535092e-01   2.0668982e-01   1.6121365e-01   1.6121365e-01   2.0668982e-01   1.8921939e-01   2.1389602e-01   1.6121365e-01   2.1365225e-01   2.1365225e-01   1.6121365e-01
   4.5193470e-01   3.2319521e-01   3.6039289e-01   9.6603257e-02   4.0477382e-01   3.6171249e-01   9.6603257e-02   4.5295707e-01   2.6087351e-01   9.6603257e-02   2.5993922e-01   2.5215459e-01   1.7817309e-01   3.5040469e-01   2.6666873e-01   3.5040469e-01   9.6603257e-02   1.7819773e-01
   2.7990238e-01   3.0018803e-01   3.3909212e-01   3.6290047e-01   5.2558107e-01   3.0343233e-01   2.6485757e-01   4.1595748e-01   3.0630966e-01   9.6603257e-02   2.5433510e-01   3.4957350e-01   2.8231516e-01   3.3119961e-01   2.9460414e-01   2.6407019e-01   3.3108002e-01   2.6721013e-01
   5.3438840e-01   9.6603257e-02   9.6603257e-02   9.6603257e-02   5.3435412e-01   4.2706213e-01   3.5469318e-01   7.3882636e-01   3.4990138e-01   9.6603257e-02   9.6603257e-02   9.6603257e-02   3.1192926e-01   3.2413463e-01   9.6603257e-02   4.8130516e-01   4.4705568e-01   9.6603257e-02
   3.9419208e-01   3.6187902e-01   3.5987732e-01   3.0478345e-01   5.0055526e-01   3.1360442e-01   9.6603257e-02   5.4456335e-01   3.9634737e-01   2.7300184e-01   3.6561746e-01   3.2792718e-01   3.3418378e-01   4.0506848e-01   3.6374536e-01   3.7551445e-01   3.3846521e-01   3.1639661e-01
   3.2080030e-01   4.5474925e-01   2.5215459e-01   2.0588544e-01   3.5751244e-01   3.4990138e-01   9.6603257e-02   5.0419026e-01   2.7458495e-01   9.6603257e-02   2.7390249e-01   9.6603257e-02   3.5208363e-01   2.0577732e-01   3.6267244e-01   2.8886555e-01   5.1599884e-01   9.6603257e-02
   3.6721437e-01   2.8257156e-01   2.1389602e-01   2.6483120e-01   4.3307503e-01   3.6438287e-01   9.6603257e-02   5.2659208e-01   2.7775224e-01   9.6603257e-02   3.2652659e-01   2.7231841e-01   3.2188255e-01   2.9520114e-01   2.7588676e-01   3.1066607e-01   2.9083566e-01   3.0924599e-01
   9.6603257e-02   2.5215459e-01   9.6603257e-02   2.3247238e-01   5.5274719e-01   4.3133943e-01   9.6603257e-02   6.3743111e-01   3.3980594e-01   3.0144695e-01   5.2372487e-01   3.4515128e-01   9.6603257e-02   7.1513966e-01   9.6603257e-02   3.4331463e-01   9.6603257e-02   9.6603257e-02
   9.6603257e-02   3.3202317e-01   9.6603257e-02   2.7443635e-01   5.9321934e-01   3.4608770e-01   9.6603257e-02   6.7534675e-01   3.1836996e-01   9.6603257e-02   2.7443635e-01   9.6603257e-02   2.9831371e-01   3.8637431e-01   2.7443635e-01   3.8379460e-01   9.6603257e-02   9.6603257e-02
   2.5215459e-01   3.4990138e-01   9.6603257e-02   9.6603257e-02   7.3786059e-01   1.7551198e-01   9.6603257e-02   7.0663753e-01   3.5273798e-01   9.6603257e-02   9.6603257e-02   9.6603257e-02   1.7551198e-01   7.3341890e-01   9.6603257e-02   2.5223415e-01   3.5832130e-01   9.6603257e-02
   2.7650997e-01   3.5020962e-01   4.3053289e-01   4.3475977e-01   4.0913780e-01   3.6424315e-01   1.2863326e-01   4.6348892e-01   2.6215101e-01   2.9431502e-01   1.2863326e-01   3.1929767e-01   3.3620135e-01   2.7377021e-01   2.6486473e-01   3.1337947e-01   2.8994546e-01   9.6603257e-02
   4.1415573e-01   4.1075019e-01   4.0745828e-01   3.4335217e-01   5.3681841e-01   3.7408835e-01   9.6603257e-02   6.1078330e-01   3.4159462e-01   9.6603257e-02   3.4990138e-01   9.6603257e-02   3.7321281e-01   3.4990138e-01   3.4990138e-01   3.7940781e-01   4.0745828e-01   1.2212250e-01
   3.5003137e-01   2.5977194e-01   3.8345243e-01   3.8345243e-01   3.8791101e-01   3.4990138e-01   9.6603257e-02   5.0000000e-01   2.5215459e-01   2.7400686e-01   3.3030881e-01   3.1010581e-01   2.5854986e-01   2.5901601e-01   2.7680920e-01   4.6522899e-01   2.1463914e-01   9.6603257e-02
   3.1188892e-01   3.6272165e-01   3.4254048e-01   2.9733220e-01   3.7691761e-01   3.6525857e-01   2.7480436e-01   4.7971612e-01   3.2604725e-01   2.9341605e-01   2.7460710e-01   3.4813062e-01   3.5317604e-01   3.8843399e-01   4.0006339e-01   3.1237403e-01   3.1709154e-01   2.8623695e-01
   4.2841495e-01   3.5222949e-01   3.0834826e-01   4.3385113e-01   3.2226150e-01   3.9524585e-01   2.5215459e-01   6.2982375e-01   3.0924599e-01   2.7418961e-01   2.6765511e-01   9.6603257e-02   3.5450524e-01   2.8619011e-01   3.3377110e-01   4.4448950e-01   4.0406749e-01   2.5215459e-01
   4.0384502e-01   3.4598622e-01   2.7495230e-01   2.8298673e-01   2.8190346e-01   2.7233648e-01   9.6603257e-02   4.9295873e-01   3.0419213e-01   9.6603257e-02   2.6137017e-01   9.6603257e-02   2.9711159e-01   2.8155730e-01   5.9045320e-01   2.8988552e-01   3.2703153e-01   2.5215459e-01
   4.5508530e-01   2.7095272e-01   2.8697060e-01   2.5811297e-01   3.9921289e-01   4.9100117e-01   3.2319521e-01   6.3462479e-01   2.0930372e-01   9.6603257e-02   2.5811297e-01   2.7305922e-01   3.3401248e-01   3.5619182e-01   3.5040469e-01   5.0519632e-01   3.9967847e-01   9.6603257e-02
   3.1460976e-01   4.2587836e-01   3.0714622e-01   3.1792392e-01   6.3373153e-01   3.0714622e-01   9.6603257e-02   6.7939681e-01   3.3796243e-01   9.6603257e-02   3.0714622e-01   9.6603257e-02   9.6603257e-02   3.9662208e-01   4.3679518e-01   3.6493483e-01   3.6493483e-01   9.6603257e-02
   5.0311823e-01   3.3486509e-01   3.4608770e-01   2.6193885e-01   4.8630903e-01   2.7331655e-01   9.6603257e-02   3.7660576e-01   3.8866909e-01   9.6603257e-02   4.1296316e-01   2.9831371e-01   2.7443635e-01   4.2398786e-01   4.5106163e-01   3.2148019e-01   4.4355419e-01   9.6603257e-02
   3.8788526e-01   4.4107339e-01   3.3702799e-01   3.8099394e-01   6.3849903e-01   3.1454156e-01   2.9636711e-01   4.1275136e-01   3.4197051e-01   9.6603257e-02   2.7878066e-01   3.2714863e-01   2.9653949e-01   3.5771492e-01   3.6923078e-01   2.7612736e-01   3.4610612e-01   2.8163168e-01
   3.1265558e-01   2.5636850e-01   9.6603257e-02   1.1625448e-01   2.3166518e-01   2.6531768e-01   3.0633594e-01   3.9742921e-01   2.5215459e-01   2.6402142e-01   2.6264218e-01   2.7148661e-01   2.8770021e-01   2.6274315e-01   2.6675773e-01   6.6781693e-01   2.5215459e-01   9.6603257e-02
   9.6603257e-02   9.6603257e-02   9.6603257e-02   9.6603257e-02   6.6975855e-01   3.5832130e-01   9.6603257e-02   4.7395069e-01   3.5832130e-01   9.6603257e-02   5.4795373e-01   4.6969570e-01   3.5832130e-01   4.6854034e-01   2.7430343e-01   3.9743248e-01   9.6603257e-02   9.6603257e-02
   3.3466996e-01   2.5215459e-01   1.4969887e-01   1.3670212e-01   2.7860203e-01   3.7152537e-01   1.8307223e-01   4.9220510e-01   1.4969887e-01   2.7309939e-01   2.6776591e-01   1.7887207e-01   2.6496138e-01   2.3822693e-01   2.4092105e-01   3.0988770e-01   4.0455527e-01   2.9767769e-01
   9.6603257e-02   1.7212302e-01   2.7351218e-01   3.3789572e-01   5.2616140e-01   3.4015451e-01   9.6603257e-02   7.3660488e-01   3.4990138e-01   9.6603257e-02   1.8927919e-01   3.6530975e-01   3.3789572e-01   5.4824559e-01   2.9816462e-01   4.3567934e-01   2.9816462e-01   9.6603257e-02
   2.8336915e-01   3.1345929e-01   3.1569916e-01   3.4594287e-01   2.7289852e-01   3.4990138e-01   9.6603257e-02   5.6743939e-01   4.0424548e-01   3.5160860e-01   3.4990138e-01   9.6603257e-02   4.1735724e-01   2.6897423e-01   3.0854710e-01   4.9088463e-01   9.6603257e-02   1.6651695e-01
   2.9370741e-01   3.0887008e-01   2.9394126e-01   3.2798573e-01   6.4266470e-01   3.0240947e-01   3.1469805e-01   6.3932300e-01   3.4846228e-01   9.6603257e-02   2.8172128e-01   2.5215459e-01   2.7336015e-01   5.5106174e-01   2.9392596e-01   4.2040494e-01   2.9997360e-01   9.6603257e-02
   2.7542226e-01   2.7516044e-01   2.4806755e-01   2.5736917e-01   3.3357387e-01   2.6365464e-01   9.6603257e-02   3.4964230e-01   3.2797612e-01   9.6603257e-02   2.5215459e-01   2.6512229e-01   2.6166462e-01   2.4092105e-01   2.5642236e-01   2.5816456e-01   9.6603257e-02   9.6603257e-02
   4.7273829e-01   4.1118171e-01   3.0296425e-01   3.4518618e-01   3.8155369e-01   4.2921903e-01   2.7307243e-01   5.1074787e-01   3.8660932e-01   1.2275769e-01   1.4373973e-01   3.1230236e-01   3.4047868e-01   2.9829929e-01   2.9287605e-01   3.8507846e-01   2.5371700e-01   2.8835761e-01
   2.9959578e-01   3.6726338e-01   3.1775747e-01   3.8479941e-01   4.8955257e-01   3.9654037e-01   9.6603257e-02   5.1586430e-01   3.7866864e-01   9.6603257e-02   2.7519669e-01   3.3021157e-01   2.9919347e-01   3.4990138e-01   3.4790381e-01   4.1478106e-01   9.6603257e-02   9.6603257e-02
   3.8369944e-01   3.9489770e-01   3.1836996e-01   2.5845818e-01   5.1694943e-01   5.0194726e-01   9.6603257e-02   5.4091201e-01   4.0484464e-01   9.6603257e-02   9.6603257e-02   3.2555538e-01   9.6603257e-02   4.0613181e-01   3.0932170e-01   3.8369944e-01   9.6603257e-02   9.6603257e-02
   2.6732333e-01   2.6666873e-01   9.6603257e-02   2.7443635e-01   4.6263157e-01   2.5215459e-01   2.5215459e-01   5.3035797e-01   2.6732333e-01   9.6603257e-02   9.6603257e-02   9.6603257e-02   2.5215459e-01   4.6720026e-01   2.6193885e-01   2.6193885e-01   9.6603257e-02   9.6603257e-02
   5.0365800e-01   2.5993922e-01   1.8725732e-01   2.1624246e-01   4.5789848e-01   4.5068984e-01   9.6603257e-02   3.4163623e-01   2.3964637e-01   9.6603257e-02   4.0424548e-01   2.6893196e-01   4.4705568e-01   2.7760453e-01   3.4990138e-01   5.8713146e-01   9.6603257e-02   9.6603257e-02
   3.3820568e-01   3.9835317e-01   2.8106568e-01   2.5236693e-01   4.1578414e-01   3.1925333e-01   9.6603257e-02   2.7558614e-01   3.0490131e-01   9.6603257e-02   3.5205956e-01   3.0673532e-01   4.6528458e-01   2.7409377e-01   3.2968759e-01   4.1801672e-01   9.6603257e-02   9.6603257e-02
   3.7660576e-01   3.1604014e-01   9.6603257e-02   9.6603257e-02   5.7029959e-01   3.2148019e-01   9.6603257e-02   6.1109298e-01   3.1604014e-01   9.6603257e-02   3.2331876e-01   9.6603257e-02   3.4990138e-01   4.6372755e-01   2.5215459e-01   4.1714148e-01   2.7430343e-01   3.5920541e-01
   2.8248279e-01   2.8967589e-01   2.9096261e-01   3.1165388e-01   4.7727114e-01   3.9125032e-01   2.8905537e-01   5.6792690e-01   3.2748999e-01   2.7764759e-01   2.8125135e-01   2.9175953e-01   3.1075913e-01   2.8657974e-01   2.8981283e-01   3.0351634e-01   2.9988833e-01   2.7861637e-01
   2.9755411e-01   2.6458077e-01   2.5215459e-01   2.5215459e-01   4.5389483e-01   4.1407842e-01   3.1544981e-01   6.4223698e-01   2.5215459e-01   9.6603257e-02   2.9509068e-01   2.5215459e-01   3.3457766e-01   4.7988190e-01   3.0132588e-01   4.5618276e-01   3.4598044e-01   2.5215459e-01
   2.5215459e-01   3.1741298e-01   9.6603257e-02   1.4076678e-01   7.6975603e-01   3.5787296e-01   2.9281980e-01   4.7666849e-01   2.9281980e-01   9.6603257e-02   2.5215459e-01   2.9197310e-01   2.9281980e-01   4.6921037e-01   2.6527285e-01   3.1010581e-01   3.3637311e-01   9.6603257e-02
   5.7289190e-01   4.0120234e-01   3.8112561e-01   3.5747128e-01   3.2816524e-01   3.1230754e-01   2.8179800e-01   4.4844311e-01   3.5125129e-01   2.7105054e-01   3.2486596e-01   3.1775209e-01   3.2258553e-01   3.3587541e-01   3.5965807e-01   3.9625410e-01   3.1387864e-01   2.5855319e-01
   4.2374061e-01   4.7395069e-01   9.6603257e-02   9.6603257e-02   6.1146713e-01   9.6603257e-02   3.5832130e-01   4.4478204e-01   4.1714148e-01   9.6603257e-02   3.9743248e-01   9.6603257e-02   3.1604014e-01   4.1714148e-01   3.0581528e-01   3.5273798e-01   3.4990138e-01   3.5832130e-01
   2.8729849e-01   2.5992957e-01   1.7551347e-01   2.4378237e-01   5.2781709e-01   3.8866909e-01   9.6603257e-02   5.2833538e-01   2.5508451e-01   9.6603257e-02   2.4379915e-01   1.6290993e-01   2.7327726e-01   4.3679518e-01   3.2843918e-01   2.6454439e-01   2.9123398e-01   9.6603257e-02
   2.6666873e-01   2.7276062e-01   2.7443635e-01   3.2272732e-01   3.4600625e-01   3.2661565e-01   9.6603257e-02   4.3600109e-01   2.8119312e-01   9.6603257e-02   3.5040469e-01   2.6732333e-01   3.5040469e-01   2.6732333e-01   2.5216861e-01   3.4600625e-01   9.6603257e-02   9.6603257e-02
   2.6349400e-01   2.6251503e-01   9.6603257e-02   1.8921939e-01   4.8242938e-01   5.4245503e-01   9.6603257e-02   6.2659308e-01   9.6603257e-02   3.2123477e-01   2.5343635e-01   9.6603257e-02   9.6603257e-02   3.0815508e-01   3.4990138e-01   4.6359934e-01   9.6603257e-02   9.6603257e-02
   2.1389602e-01   2.1389602e-01   1.7601453e-01   9.6603257e-02   6.6221120e-01   3.7057225e-01   9.6603257e-02   7.4422543e-01   9.6603257e-02   9.6603257e-02   2.5215459e-01   3.4515128e-01   3.3401248e-01   6.7787281e-01   2.1389602e-01   3.4515128e-01   3.3401248e-01   9.6603257e-02
   4.3538738e-01   3.8866909e-01   9.6603257e-02   9.6603257e-02   2.8230915e-01   3.3850014e-01   3.1519266e-01   5.9682559e-01   2.8998660e-01   9.6603257e-02   2.8227015e-01   9.6603257e-02   3.1178034e-01   3.3486509e-01   2.8480598e-01   5.0268177e-01   2.8227015e-01   9.6603257e-02
   3.2682792e-01   3.6327471e-01   3.7414128e-01   3.8595525e-01   3.4135151e-01   3.1389057e-01   2.7295155e-01   3.1570157e-01   3.8777537e-01   9.6603257e-02   6.5853110e-01   3.8162934e-01   2.6279943e-01   3.5798467e-01   2.9953665e-01   2.8806535e-01   9.6603257e-02   9.6603257e-02
   4.2638949e-01   3.3073245e-01   1.2895314e-01   2.2927330e-01   2.7822187e-01   3.6525857e-01   3.0616152e-01   6.9521655e-01   3.5082512e-01   3.0616152e-01   3.8425832e-01   2.9205763e-01   3.5132547e-01   3.9790421e-01   3.1888850e-01   4.1344658e-01   3.4173348e-01   9.6603257e-02
   4.0850833e-01   2.7151923e-01   2.7816365e-01   2.5965742e-01   4.0023232e-01   2.6395950e-01   1.5775240e-01   3.8757532e-01   2.6168294e-01   2.6348499e-01   2.2068460e-01   2.6691271e-01   2.6132410e-01   2.6248788e-01   2.6538974e-01   3.7146966e-01   2.8937520e-01   2.7504123e-01
   3.4990138e-01   3.6874884e-01   3.0379179e-01   3.0379179e-01   4.9640602e-01   4.9323642e-01   2.7347681e-01   5.9474469e-01   2.7347681e-01   9.6603257e-02   3.7842719e-01   3.0379179e-01   3.6888791e-01   2.6514606e-01   4.0798393e-01   4.0798393e-01   3.3335004e-01   3.0379179e-01
   3.1627127e-01   3.5621771e-01   3.6362942e-01   3.4308284e-01   5.0325691e-01   3.6745245e-01   9.6603257e-02   5.5044724e-01   3.6804598e-01   2.6645747e-01   2.7270180e-01   3.2294929e-01   3.4754537e-01   5.0048046e-01   3.5443767e-01   3.1412238e-01   3.0456037e-01   2.7791670e-01
   4.0531985e-01   3.2852490e-01   2.6016771e-01   2.6128714e-01   4.9822650e-01   3.9984304e-01   9.6603257e-02   5.4914349e-01   3.3900050e-01   1.1666624e-01   2.3764976e-01   2.9665896e-01   3.2741507e-01   3.3126450e-01   3.3846682e-01   3.4490029e-01   2.8633714e-01   2.6403327e-01
   4.0053635e-01   2.6072752e-01   2.6145651e-01   1.9658971e-01   4.6420395e-01   2.7697957e-01   2.8162540e-01   3.5050301e-01   2.5722298e-01   4.1993957e-01   2.6797174e-01   2.0551933e-01   3.1753034e-01   2.6439429e-01   2.5337887e-01   3.5843277e-01   2.7801724e-01   2.7016865e-01
   3.5767319e-01   3.4903791e-01   3.0816861e-01   3.2821170e-01   5.6996423e-01   3.4703387e-01   9.6603257e-02   3.8601314e-01   3.5684014e-01   9.6603257e-02   4.8015424e-01   9.6603257e-02   3.2471439e-01   4.1714148e-01   2.8561745e-01   4.1478793e-01   3.4940542e-01   2.8095683e-01
   2.7372919e-01   4.1947209e-01   2.6566487e-01   2.7582849e-01   5.0043495e-01   2.6029265e-01   9.6603257e-02   3.7745056e-01   3.4292727e-01   2.0859595e-01   1.9122595e-01   2.6187207e-01   2.4378237e-01   5.4892925e-01   3.4319680e-01   2.5469639e-01   2.3384137e-01   9.6603257e-02
   3.1348328e-01   2.5089217e-01   1.7817309e-01   2.1427684e-01   4.3336459e-01   2.2166023e-01   3.1836996e-01   4.5439517e-01   1.7819773e-01   9.6603257e-02   2.2168059e-01   9.6603257e-02   9.6603257e-02   2.6673759e-01   2.7443635e-01   3.4461471e-01   9.6603257e-02   2.5215459e-01
   3.3450295e-01   2.6565445e-01   2.6901913e-01   2.5915329e-01   3.6227362e-01   3.1776579e-01   2.6351466e-01   5.6554583e-01   2.6169454e-01   3.0019786e-01   3.0892595e-01   3.0131476e-01   3.6037124e-01   3.2910025e-01   2.7652742e-01   3.2269633e-01   3.3983926e-01   3.1431758e-01
   4.5367562e-01   3.5629991e-01   2.7527582e-01   2.7461681e-01   6.8072683e-01   3.2721106e-01   4.9966730e-01   4.4545966e-01   2.8278533e-01   9.6603257e-02   1.3901298e-01   9.6603257e-02   2.5215459e-01   4.7685620e-01   3.8754961e-01   4.2921903e-01   3.0072269e-01   9.6603257e-02
   3.6957841e-01   3.0756119e-01   3.2331876e-01   3.5880722e-01   4.6875839e-01   3.4990138e-01   9.6603257e-02   4.6491576e-01   3.4990138e-01   9.6603257e-02   3.0309340e-01   3.0654787e-01   2.8606349e-01   3.4990138e-01   2.9165904e-01   3.8226274e-01   2.7356966e-01   2.8580324e-01
   3.1203740e-01   2.6894605e-01   2.5719746e-01   2.2693724e-01   3.9543592e-01   3.1061130e-01   2.7066110e-01   4.3462281e-01   2.9440691e-01   9.6603257e-02   2.5927543e-01   2.5855319e-01   2.6177445e-01   2.7740149e-01   2.7480594e-01   2.7497991e-01   2.7595022e-01   2.8128691e-01
   3.5881146e-01   2.8850301e-01   2.6217566e-01   2.4226719e-01   4.7606483e-01   3.8865152e-01   9.6603257e-02   3.6418612e-01   2.6089092e-01   2.6319260e-01   2.3374642e-01   2.6094967e-01   3.0356974e-01   3.0011430e-01   2.8797497e-01   3.3296322e-01   2.8966761e-01   2.8078219e-01
   2.1157512e-01   3.5570895e-01   4.6557752e-01   4.6557752e-01   5.5588622e-01   1.8200131e-01   3.5020545e-01   6.4949483e-01   2.6285782e-01   9.6603257e-02   2.1157512e-01   3.8276461e-01   3.5020545e-01   4.9160926e-01   2.1157512e-01   2.3170244e-01   9.6603257e-02   9.6603257e-02
   3.2207205e-01   2.9598477e-01   3.1930843e-01   2.6836783e-01   3.7165725e-01   4.2224611e-01   2.7161691e-01   6.0023580e-01   3.3126791e-01   2.8365209e-01   3.2863589e-01   2.4256089e-01   3.5395535e-01   3.0594005e-01   3.1900653e-01   4.6872711e-01   3.0170672e-01   9.6603257e-02
   3.5763059e-01   3.0952034e-01   2.6276383e-01   2.6061886e-01   4.1785799e-01   3.2988880e-01   2.8418272e-01   4.9706755e-01   2.9436755e-01   2.5215459e-01   2.6472095e-01   2.9135922e-01   2.9210859e-01   3.4535518e-01   2.9377450e-01   3.2748947e-01   3.2353107e-01   1.2062193e-01
   4.7395069e-01   4.5654203e-01   9.6603257e-02   9.6603257e-02   4.3900654e-01   2.9853756e-01   9.6603257e-02   5.2265152e-01   3.4990138e-01   9.6603257e-02   9.6603257e-02   9.6603257e-02   2.5215459e-01   2.8681585e-01   2.9257037e-01   3.8369944e-01   3.0831821e-01   9.6603257e-02
   4.3129350e-01   4.0847090e-01   3.2026832e-01   2.8905055e-01   4.5625787e-01   3.3737936e-01   2.5927543e-01   3.7225325e-01   2.9929448e-01   2.6670184e-01   2.5709794e-01   2.9357643e-01   3.0739035e-01   2.7671315e-01   2.9025419e-01   2.9857686e-01   3.5675338e-01   2.6399706e-01
   1.8200131e-01   9.6603257e-02   1.8200131e-01   1.8200131e-01   2.5999773e-01   9.6603257e-02   4.7674623e-01   6.3783593e-01   2.1157512e-01   9.6603257e-02   2.6285782e-01   3.5020545e-01   2.7385462e-01   2.7626124e-01   2.1157512e-01   3.0850854e-01   9.6603257e-02   9.6603257e-02
   3.5167134e-01   3.5460809e-01   3.2164942e-01   3.3191071e-01   5.0027912e-01   3.5460809e-01   9.6603257e-02   5.4069917e-01   3.3570768e-01   9.6603257e-02   9.6603257e-02   3.3011376e-01   3.1233781e-01   3.7249797e-01   2.8821709e-01   3.6535757e-01   3.3815081e-01   3.3011376e-01
   3.6640719e-01   2.6021734e-01   2.4256089e-01   2.2524549e-01   3.0978315e-01   3.8636816e-01   3.1092416e-01   5.1149833e-01   2.4773145e-01   2.5215459e-01   2.4685029e-01   2.4375385e-01   2.9068973e-01   3.1192774e-01   2.4891664e-01   3.4580009e-01   3.2885963e-01   2.6241153e-01
   4.4845957e-01   3.9084619e-01   2.9983204e-01   3.3581194e-01   5.9512722e-01   2.9813246e-01   9.6603257e-02   3.4990138e-01   3.8866909e-01   9.6603257e-02   3.9071856e-01   3.7627420e-01   9.6603257e-02   4.1417210e-01   4.1442288e-01   3.7024629e-01   3.0826852e-01   3.3743126e-01
   2.6705980e-01   2.6285136e-01   3.6434418e-01   3.6434418e-01   4.0233907e-01   4.0907007e-01   5.7276992e-01   5.6272493e-01   2.4168181e-01   9.6603257e-02   1.7304522e-01   9.6603257e-02   5.3640066e-01   2.5215459e-01   3.0756119e-01   4.3289854e-01   9.6603257e-02   9.6603257e-02
   2.4331327e-01   2.6689651e-01   1.3255916e-01   2.9048107e-01   4.8582975e-01   2.1389602e-01   9.6603257e-02   6.9307846e-01   2.6689651e-01   9.6603257e-02   1.7467197e-01   3.5767214e-01   1.7467197e-01   5.7169980e-01   2.2790642e-01   2.5150900e-01   3.0296425e-01   3.5767214e-01
   2.6703487e-01   2.2668651e-01   9.6603257e-02   2.9158582e-01   5.5768867e-01   2.9323956e-01   9.6603257e-02   5.5601754e-01   2.9158582e-01   9.6603257e-02   9.6603257e-02   9.6603257e-02   3.2399411e-01   3.5251309e-01   1.9430375e-01   3.2789681e-01   3.2791079e-01   9.6603257e-02
   2.7849332e-01   2.5215459e-01   9.6603257e-02   9.6603257e-02   7.3546750e-01   3.6333438e-01   9.6603257e-02   7.2877581e-01   5.1369097e-01   9.6603257e-02   9.6603257e-02   9.6603257e-02   3.6039289e-01   5.3145966e-01   2.7849332e-01   4.1016851e-01   9.6603257e-02   9.6603257e-02
   3.5435850e-01   4.0686891e-01   3.6635886e-01   3.7669711e-01   3.0900437e-01   3.8600837e-01   1.1456378e-01   4.8420304e-01   4.0949489e-01   2.7706275e-01   4.3755747e-01   3.2240800e-01   3.8332522e-01   3.7235673e-01   3.8162934e-01   5.0563605e-01   2.8994649e-01   2.7195554e-01
   2.4871371e-01   2.7750066e-01   2.5215459e-01   2.6491013e-01   5.1876279e-01   3.5558285e-01   2.9683537e-01   7.1184089e-01   2.8716831e-01   9.6603257e-02   2.8421085e-01   3.1091055e-01   3.8494363e-01   3.9720669e-01   2.6707197e-01   2.9401607e-01   3.1071194e-01   1.2024927e-01
   2.5661680e-01   3.9743248e-01   2.5215459e-01   2.5215459e-01   4.7320544e-01   4.4915337e-01   9.6603257e-02   6.4430463e-01   4.4103475e-01   9.6603257e-02   4.4915337e-01   2.5215459e-01   3.2331876e-01   3.0332694e-01   2.5215459e-01   2.9853756e-01   3.9275479e-01   2.6120974e-01
   3.9249024e-01   3.9249024e-01   3.0086415e-01   3.0086415e-01   3.1862186e-01   3.7196348e-01   9.6603257e-02   7.0799769e-01   3.6387471e-01   2.9421248e-01   2.5215459e-01   2.9421248e-01   9.6603257e-02   5.4143545e-01   2.7466604e-01   3.4990138e-01   9.6603257e-02   5.2999100e-01
   2.1826814e-01   9.6603257e-02   9.6603257e-02   9.6603257e-02   3.8369944e-01   3.0258054e-01   5.8010037e-01   6.7287242e-01   9.6603257e-02   9.6603257e-02   3.4990138e-01   9.6603257e-02   2.7796874e-01   3.2331876e-01   2.5215459e-01   4.0878176e-01   9.6603257e-02   9.6603257e-02
   2.7276062e-01   4.0874562e-01   3.0148050e-01   3.8369944e-01   7.0742963e-01   2.7849332e-01   9.6603257e-02   5.9069186e-01   2.7849332e-01   9.6603257e-02   3.2555538e-01   2.6398718e-01   9.6603257e-02   5.8703684e-01   4.1016851e-01   2.5216861e-01   9.6603257e-02   9.6603257e-02
   4.0137880e-01   3.6340681e-01   3.0110528e-01   3.3383811e-01   6.4087209e-01   3.8091606e-01   9.6603257e-02   3.8304882e-01   3.2230241e-01   9.6603257e-02   2.6378438e-01   2.9308544e-01   2.5215459e-01   3.2148019e-01   2.7464665e-01   3.0374268e-01   3.1153435e-01   2.7999877e-01
   4.5068984e-01   2.5215459e-01   2.7680920e-01   2.5215459e-01   6.2159687e-01   5.2623198e-01   9.6603257e-02   6.0836083e-01   3.3030881e-01   9.6603257e-02   4.3837481e-01   9.6603257e-02   9.6603257e-02   2.5215459e-01   3.5965115e-01   4.2318056e-01   4.6330327e-01   9.6603257e-02
   2.9954774e-01   3.3202317e-01   9.6603257e-02   9.6603257e-02   3.2573996e-01   2.7971647e-01   9.6603257e-02   6.1656052e-01   3.3202317e-01   9.6603257e-02   5.2708989e-01   9.6603257e-02   3.7200210e-01   2.5215459e-01   2.8685695e-01   6.3483506e-01   2.9253243e-01   9.6603257e-02
   2.5215459e-01   1.8541873e-01   9.6603257e-02   1.6853815e-01   4.1969754e-01   5.4785228e-01   9.6603257e-02   5.4756639e-01   9.6603257e-02   9.6603257e-02   3.4990138e-01   9.6603257e-02   4.7932661e-01   3.1010581e-01   2.0928222e-01   5.4756639e-01   9.6603257e-02   5.3253557e-01
   7.0301189e-01   3.9319667e-01   9.6603257e-02   1.6960368e-01   2.7379683e-01   2.7340976e-01   9.6603257e-02   3.2429946e-01   1.8202665e-01   9.6603257e-02   2.5215459e-01   2.5215459e-01   2.7404931e-01   2.6551844e-01   3.5594323e-01   5.0567204e-01   3.2050245e-01   3.2646517e-01
