   6.7950419e-01   7.0968808e-01   2.8656952e-01   2.8656952e-01   4.3874518e-01   5.0542929e-01   9.6603257e-02   5.5760663e-01   2.5215459e-01   5.0542929e-01   5.1896795e-01   3.0776186e-01   4.8699677e-01   3.7737442e-01   6.6010184e-01   5.8616119e-01   4.3020720e-01   4.5307402e-01
   5.7405358e-01   5.7548078e-01   2.9863972e-01   4.2894791e-01   5.4134453e-01   4.6719082e-01   3.0445165e-01   5.7647174e-01   4.6989895e-01   2.6873485e-01   4.4935781e-01   3.4309875e-01   4.5078245e-01   4.0136875e-01   7.3629702e-01   5.8536358e-01   4.8516876e-01   3.8949880e-01
   6.7269302e-01   5.7135551e-01   4.4207752e-01   4.1821392e-01   5.2829943e-01   3.7598514e-01   3.4059093e-01   5.4432188e-01   4.6413026e-01   4.6945926e-01   4.2274033e-01   3.2434728e-01   3.8517543e-01   4.3176349e-01   6.8643941e-01   5.8329256e-01   3.2126499e-01   2.6571180e-01
   6.4265467e-01   5.6812447e-01   5.0925659e-01   4.4593542e-01   6.2054842e-01   6.6377245e-01   1.1242197e-01   7.0591077e-01   5.0206566e-01   4.7517891e-01   3.9029089e-01   4.2644282e-01   5.0830578e-01   5.0363750e-01   4.4277875e-01   6.1884958e-01   4.1447537e-01   3.8864423e-01
   5.6785609e-01   5.1367238e-01   5.3000543e-01   3.3149733e-01   5.1846814e-01   5.5071223e-01   9.6603257e-02   6.4681713e-01   3.4751579e-01   3.2399411e-01   5.0878567e-01   3.1487294e-01   4.5655883e-01   4.0277060e-01   4.8443603e-01   5.6251002e-01   3.4335217e-01   3.2399411e-01
   5.1997890e-01   4.3255250e-01   4.4498924e-01   3.5507526e-01   5.4388470e-01   5.2724409e-01   4.2331413e-01   7.4078285e-01   3.8333355e-01   4.8477964e-01   4.4430043e-01   3.3404239e-01   4.8166913e-01   4.9492539e-01   4.3261590e-01   6.0434612e-01   4.5639100e-01   3.2673816e-01
   5.3914007e-01   4.3635606e-01   3.7185139e-01   3.6946365e-01   5.1924221e-01   5.9127635e-01   4.7819458e-01   7.4387106e-01   3.7716824e-01   4.6236703e-01   3.0533293e-01   2.8357224e-01   4.9040816e-01   4.1902013e-01   3.6026634e-01   5.4051754e-01   3.8260583e-01   3.0697247e-01
   5.6910185e-01   5.2933645e-01   3.8341623e-01   3.8456182e-01   5.3905145e-01   4.8115365e-01   2.7111125e-01   6.1625998e-01   3.9209645e-01   3.4942497e-01   3.0984589e-01   3.1265756e-01   3.7017835e-01   3.8912910e-01   4.6608112e-01   4.9712696e-01   3.1766378e-01   3.0022782e-01
   6.0580660e-01   6.2649646e-01   4.5106163e-01   3.8917339e-01   4.8280559e-01   4.9400808e-01   9.6603257e-02   6.5133367e-01   5.9549303e-01   5.0149003e-01   3.4026625e-01   3.0268481e-01   5.0204605e-01   4.9065214e-01   5.5544973e-01   5.8921525e-01   4.1823571e-01   4.2869332e-01
   5.2604931e-01   3.9572724e-01   3.6347175e-01   3.4130616e-01   6.6016267e-01   6.2470567e-01   9.6603257e-02   6.1632096e-01   3.9919784e-01   3.1401963e-01   4.1171274e-01   2.7309077e-01   5.2939439e-01   4.6379904e-01   4.8297209e-01   6.0210429e-01   3.9270293e-01   5.0695098e-01
   4.2143597e-01   4.4332573e-01   3.4172040e-01   3.9622682e-01   6.8654071e-01   6.1205966e-01   5.2142544e-01   7.5207400e-01   3.9622682e-01   5.2142544e-01   9.6603257e-02   5.2142544e-01   5.4004139e-01   4.6921037e-01   3.5650569e-01   6.4298132e-01   4.8423490e-01   9.6603257e-02
   5.9915520e-01   4.7948324e-01   4.8318008e-01   3.9171420e-01   6.1588254e-01   5.1774511e-01   9.6603257e-02   6.0811063e-01   3.5458969e-01   4.2607860e-01   3.3233384e-01   2.9824973e-01   3.8392719e-01   4.8736370e-01   4.4545751e-01   6.0015133e-01   2.7395969e-01   2.8580947e-01
   2.9566198e-01   4.3175357e-01   3.1752355e-01   9.6603257e-02   3.6940359e-01   5.0868315e-01   9.6603257e-02   7.1006485e-01   3.6600633e-01   5.0415974e-01   5.0492511e-01   3.1752355e-01   7.4347861e-01   3.5989395e-01   4.6448150e-01   7.1211115e-01   9.6603257e-02   9.6603257e-02
   5.6540144e-01   5.1282033e-01   3.6443293e-01   3.9110412e-01   5.9108121e-01   4.2656247e-01   9.6603257e-02   6.2497896e-01   4.1135377e-01   4.9476010e-01   3.7192383e-01   3.7162273e-01   3.8132438e-01   4.2805454e-01   4.2509696e-01   4.9364745e-01   3.3757808e-01   2.7690721e-01
   5.7875008e-01   4.8793402e-01   3.6083839e-01   2.9658204e-01   6.6489891e-01   4.6559355e-01   2.7143601e-01   6.1036727e-01   3.8080751e-01   2.9579965e-01   3.1890869e-01   3.6199586e-01   3.8080751e-01   4.7362522e-01   4.5841227e-01   5.5085164e-01   3.1583136e-01   3.5975060e-01
   5.5715004e-01   4.1818643e-01   9.6603257e-02   4.9723283e-01   7.4075602e-01   6.2621054e-01   3.8885092e-01   6.5970643e-01   4.7118398e-01   4.9700188e-01   4.3230788e-01   3.6726338e-01   5.1787519e-01   5.9086082e-01   4.1178087e-01   6.6809838e-01   3.5890921e-01   2.9314025e-01
   5.5323681e-01   4.2458318e-01   2.8474075e-01   3.0965458e-01   6.1467353e-01   5.5179169e-01   2.9618754e-01   6.8224902e-01   3.4123322e-01   3.0374103e-01   3.1906485e-01   3.0965458e-01   4.1022999e-01   4.2721636e-01   3.7937720e-01   6.3513662e-01   3.3218050e-01   3.0965458e-01
   6.4025578e-01   4.8582296e-01   3.8563854e-01   3.5438596e-01   4.8179715e-01   5.5690909e-01   9.6603257e-02   6.4463163e-01   2.6691952e-01   5.0306529e-01   3.2810323e-01   3.1598801e-01   5.1666512e-01   3.8722923e-01   5.1975131e-01   6.1742525e-01   3.5360978e-01   3.1598801e-01
   5.4432844e-01   5.8647385e-01   5.1971267e-01   5.2387061e-01   6.7291318e-01   7.0015167e-01   3.0971580e-01   6.8834794e-01   5.5882696e-01   5.2074815e-01   5.3371712e-01   4.2536141e-01   6.1092894e-01   5.7509396e-01   5.7685608e-01   6.6702713e-01   5.1953532e-01   9.6603257e-02
   4.3641457e-01   4.6563706e-01   3.8157703e-01   3.9707428e-01   5.8668272e-01   5.0280686e-01   4.9447397e-01   6.2894376e-01   4.4445121e-01   4.7024007e-01   3.6445319e-01   3.9610535e-01   4.1879164e-01   4.9951197e-01   4.6620832e-01   5.4518775e-01   4.2672640e-01   3.1016082e-01
   4.8976945e-01   4.2921903e-01   3.0957345e-01   3.5371389e-01   5.9113119e-01   5.1522753e-01   9.6603257e-02   7.3528410e-01   3.5653064e-01   3.7767764e-01   3.1667700e-01   3.0110039e-01   3.6322177e-01   4.6439839e-01   3.5371389e-01   5.0313275e-01   3.8760726e-01   5.0062129e-01
   5.5433768e-01   5.7974540e-01   3.7262844e-01   3.8429664e-01   5.8996931e-01   4.6679670e-01   3.1137766e-01   7.4450982e-01   4.0726801e-01   2.7793786e-01   2.8864836e-01   3.4338292e-01   4.0718924e-01   5.5471800e-01   5.3254481e-01   4.6825161e-01   4.5243172e-01   2.7542937e-01
   3.9680145e-01   3.8040458e-01   4.9796233e-01   2.7441691e-01   5.4362501e-01   5.4114134e-01   4.3749491e-01   7.5710687e-01   5.4696790e-01   4.4966720e-01   3.1836996e-01   4.7214800e-01   5.5213742e-01   6.4206549e-01   4.2587680e-01   5.2590832e-01   4.2495941e-01   9.6603257e-02
   5.8530501e-01   3.6290047e-01   3.0842122e-01   3.0842122e-01   5.5841799e-01   4.9146010e-01   9.6603257e-02   5.7958897e-01   3.8901414e-01   4.0063047e-01   3.8613836e-01   2.7503104e-01   4.9261546e-01   4.1735616e-01   4.3075668e-01   6.1959542e-01   3.0842122e-01   3.4914840e-01
   6.2051541e-01   5.9131838e-01   4.4363031e-01   4.3543942e-01   6.2290761e-01   6.0334435e-01   4.2600263e-01   7.5424690e-01   4.9063239e-01   4.6439335e-01   4.2176153e-01   2.9499150e-01   5.0359320e-01   5.3806656e-01   5.0557054e-01   6.1029801e-01   5.0424818e-01   4.0637401e-01
   5.4370637e-01   5.4634241e-01   5.5583217e-01   4.4736148e-01   6.2188134e-01   5.3256917e-01   4.3867760e-01   7.4010705e-01   5.6320482e-01   4.3038561e-01   3.8893415e-01   9.6603257e-02   3.8743460e-01   4.7269395e-01   5.5799953e-01   5.2893152e-01   4.1974062e-01   3.5542531e-01
   5.5426221e-01   5.1046484e-01   2.7934249e-01   3.0250517e-01   4.4278586e-01   5.8038987e-01   2.7659778e-01   7.4164625e-01   3.5070961e-01   4.1127040e-01   3.5086043e-01   9.6603257e-02   4.8914650e-01   4.3244204e-01   3.8725054e-01   5.7089716e-01   4.8016490e-01   4.4143574e-01
   5.5189522e-01   4.2376232e-01   3.0497316e-01   2.9735013e-01   4.6235053e-01   5.0799049e-01   2.7723904e-01   6.7367791e-01   3.2889193e-01   4.9543959e-01   2.9735013e-01   3.1505928e-01   3.8762166e-01   4.1901511e-01   4.7664293e-01   5.5892824e-01   3.2002234e-01   3.0529950e-01
   5.2297208e-01   4.7932060e-01   5.1389477e-01   5.3970779e-01   7.3530440e-01   5.0928215e-01   9.6603257e-02   4.9927278e-01   4.5738776e-01   5.8408099e-01   9.6603257e-02   3.3109598e-01   4.5685246e-01   4.6777680e-01   3.5986214e-01   5.0844612e-01   3.3109598e-01   5.6473398e-01
   6.6960802e-01   5.8076277e-01   4.4317406e-01   5.0244063e-01   7.5203862e-01   5.5829989e-01   9.6603257e-02   5.5544973e-01   3.9040621e-01   5.1551837e-01   4.1436590e-01   4.9047607e-01   5.8347285e-01   6.1602182e-01   4.8359122e-01   5.9381815e-01   3.3155424e-01   9.6603257e-02
   5.3177520e-01   4.7707720e-01   4.3733792e-01   3.5385870e-01   5.7741229e-01   5.0095750e-01   3.0599394e-01   6.7248478e-01   3.4363884e-01   3.1953290e-01   3.7665812e-01   3.1953290e-01   3.5547318e-01   3.9349763e-01   4.4282619e-01   5.3929971e-01   3.8804846e-01   3.8651831e-01
   5.6584865e-01   5.0932317e-01   3.7648131e-01   3.6863885e-01   5.1247161e-01   4.0865486e-01   2.7251947e-01   5.7939819e-01   4.1009147e-01   2.9829336e-01   3.5732077e-01   3.4822242e-01   3.4917467e-01   4.2095935e-01   4.6033717e-01   4.8357328e-01   3.3408360e-01   2.9248115e-01
   4.8631337e-01   5.1565061e-01   3.3569095e-01   3.4707340e-01   5.7579280e-01   3.7701087e-01   9.6603257e-02   6.5498990e-01   4.0327708e-01   3.0732859e-01   3.7473055e-01   3.0740919e-01   3.6370117e-01   3.5543309e-01   5.1559677e-01   4.3824574e-01   4.4378961e-01   2.7917341e-01
   5.5678061e-01   5.4419240e-01   4.4643761e-01   4.1867022e-01   7.2142503e-01   4.7298620e-01   2.7231841e-01   6.0405510e-01   4.4963167e-01   4.0204174e-01   3.3426154e-01   2.9792462e-01   4.5145489e-01   4.3097005e-01   4.7934126e-01   5.2432320e-01   4.0204174e-01   9.6603257e-02
   6.8105157e-01   4.3301088e-01   2.8742638e-01   2.5983077e-01   6.1296227e-01   5.6700117e-01   2.8880612e-01   5.8028545e-01   3.0839852e-01   3.5830856e-01   3.3094678e-01   3.8555967e-01   3.7417772e-01   3.7067883e-01   4.6904533e-01   6.2493234e-01   2.8172493e-01   2.8523930e-01
   4.9652670e-01   4.4195844e-01   2.9605089e-01   2.6360094e-01   4.8737498e-01   4.7620147e-01   9.6603257e-02   5.8631484e-01   3.0536947e-01   5.0062129e-01   3.0811672e-01   5.0062129e-01   3.8559957e-01   4.0575190e-01   2.6923269e-01   6.6805948e-01   2.9061602e-01   3.2835749e-01
   7.0108636e-01   5.5645476e-01   4.8064335e-01   4.6852708e-01   5.6925646e-01   6.2664925e-01   9.6603257e-02   6.8226344e-01   4.4203732e-01   4.2507544e-01   3.5171849e-01   3.8092804e-01   4.8266166e-01   4.9977458e-01   4.3171651e-01   6.2837988e-01   4.5885783e-01   2.9849177e-01
   6.0618069e-01   4.8139585e-01   5.0214413e-01   4.4516742e-01   6.1060336e-01   6.0870939e-01   9.6603257e-02   6.4490510e-01   2.9997360e-01   5.0214413e-01   3.2816799e-01   3.3401343e-01   4.4424650e-01   3.7845305e-01   5.9201607e-01   6.8417074e-01   4.2076014e-01   3.1469805e-01
   5.3661690e-01   5.0834000e-01   3.6687320e-01   4.5950634e-01   6.4540782e-01   5.1518544e-01   4.9863713e-01   7.9535841e-01   4.0492329e-01   4.3025286e-01   4.4807056e-01   5.1972687e-01   4.8387504e-01   6.0864992e-01   4.3727131e-01   5.1540036e-01   5.6359769e-01   5.1339310e-01
   5.1460608e-01   4.1196788e-01   3.5097793e-01   3.5466753e-01   5.9944811e-01   5.9779069e-01   3.1378081e-01   7.4058660e-01   3.6616131e-01   4.2869332e-01   3.9733487e-01   9.6603257e-02   5.1365267e-01   4.2411543e-01   4.1922509e-01   5.8536358e-01   3.5469891e-01   4.6300678e-01
   4.1379334e-01   4.7693575e-01   4.2924926e-01   3.3349786e-01   5.8788401e-01   4.8768630e-01   9.6603257e-02   7.2122898e-01   4.1312592e-01   4.2924926e-01   4.4008425e-01   2.9147391e-01   4.1120479e-01   4.9814177e-01   4.3156382e-01   5.5086205e-01   3.3349786e-01   9.6603257e-02
   4.1092433e-01   4.2383293e-01   3.7880916e-01   4.1216267e-01   6.4741841e-01   5.0670591e-01   3.3427156e-01   6.5372392e-01   4.6914922e-01   4.7032736e-01   4.5035784e-01   4.4245661e-01   4.2066895e-01   3.7569271e-01   3.9778225e-01   5.3071922e-01   3.0816861e-01   3.4653619e-01
   5.6530604e-01   5.3667305e-01   2.9629607e-01   3.6227676e-01   5.7761103e-01   4.5546786e-01   9.6603257e-02   7.3424079e-01   4.6436035e-01   5.2528813e-01   4.9658091e-01   4.4257276e-01   4.0993441e-01   4.6060962e-01   4.3931789e-01   4.8389397e-01   4.5408091e-01   3.3366833e-01
   5.8811733e-01   4.3997213e-01   3.1170083e-01   3.4303886e-01   5.1543665e-01   4.6021091e-01   2.9378501e-01   5.7702922e-01   3.7009162e-01   4.9236113e-01   3.2895511e-01   2.7020322e-01   3.6293515e-01   3.9596308e-01   4.2377237e-01   5.2743187e-01   3.4352540e-01   3.1031274e-01
   5.2385862e-01   5.1975402e-01   4.0324277e-01   4.2344961e-01   5.8453891e-01   5.4465453e-01   3.9063228e-01   7.4017559e-01   4.6164492e-01   4.3683626e-01   4.1152781e-01   3.7248252e-01   4.8423532e-01   5.0401134e-01   4.3135853e-01   5.2691674e-01   4.9675578e-01   4.7618772e-01
   3.1519266e-01   3.5208953e-01   9.6603257e-02   4.9408442e-01   7.4208499e-01   5.3275859e-01   9.6603257e-02   7.5235485e-01   4.9408442e-01   4.9269490e-01   4.1950667e-01   4.6206159e-01   4.9491701e-01   5.3167834e-01   4.9993647e-01   5.3362222e-01   5.0249722e-01   9.6603257e-02
   6.4755440e-01   5.2504920e-01   3.3291855e-01   3.3738394e-01   5.5394799e-01   4.2250648e-01   2.8403261e-01   5.1242773e-01   3.8038318e-01   4.9252826e-01   3.6527408e-01   3.0673000e-01   3.2331895e-01   3.9853755e-01   4.9709099e-01   5.0659951e-01   3.3264241e-01   2.7386648e-01
   6.6932980e-01   5.9005249e-01   3.3024374e-01   3.6121911e-01   5.1363875e-01   4.1667522e-01   9.6603257e-02   6.2550393e-01   4.5367006e-01   4.7184941e-01   2.8462182e-01   2.9150297e-01   3.6917424e-01   4.1412233e-01   5.2847686e-01   5.1542299e-01   4.1409567e-01   3.9498755e-01
   5.7799775e-01   5.4005170e-01   3.9822981e-01   3.8879825e-01   5.3690568e-01   4.0134138e-01   2.6426207e-01   6.1448401e-01   4.1412664e-01   3.6275201e-01   3.4433108e-01   3.0799193e-01   3.5202964e-01   4.5851521e-01   4.4925846e-01   5.0767350e-01   3.1368702e-01   2.8928915e-01
   5.4783169e-01   5.1090152e-01   3.8521340e-01   3.5169942e-01   5.4989002e-01   4.2927306e-01   1.0787907e-01   6.4077473e-01   3.9129419e-01   3.0404467e-01   4.6835570e-01   2.9741910e-01   3.4756775e-01   4.0784482e-01   4.6082039e-01   4.9571817e-01   4.0845443e-01   3.4220590e-01
   6.2416494e-01   6.2113785e-01   3.4381342e-01   3.4542201e-01   6.4701401e-01   4.5286866e-01   4.9914990e-01   5.3263494e-01   3.6263031e-01   4.9457865e-01   4.1014909e-01   3.2123477e-01   4.3289222e-01   3.7606582e-01   7.4452513e-01   5.6537233e-01   4.9753020e-01   2.7688329e-01
   5.4532298e-01   6.2310117e-01   9.6603257e-02   3.3940521e-01   5.0879502e-01   5.4154896e-01   4.4948321e-01   7.4811192e-01   3.1812261e-01   5.1987330e-01   4.9827253e-01   3.3940521e-01   5.3055419e-01   4.7838940e-01   5.6224837e-01   5.7278775e-01   5.5023449e-01   9.6603257e-02
   5.2793738e-01   5.3635450e-01   5.0256630e-01   4.4383476e-01   7.3523694e-01   5.5182574e-01   4.9729710e-01   6.2940237e-01   5.1337126e-01   4.2386881e-01   3.7672050e-01   3.0765348e-01   3.4693534e-01   4.8938365e-01   4.0205430e-01   4.7684154e-01   3.9010139e-01   2.9265642e-01
   5.1528106e-01   4.9172648e-01   3.2716558e-01   3.2008214e-01   5.1710374e-01   5.0487977e-01   3.8701040e-01   7.4078084e-01   3.3667148e-01   4.0535418e-01   3.9887777e-01   3.2371650e-01   4.8170359e-01   4.6585480e-01   4.2896884e-01   5.3439685e-01   4.8854114e-01   3.1870704e-01
   6.6308125e-01   4.8910123e-01   2.3247238e-01   2.5927543e-01   3.1301933e-01   5.0623282e-01   3.4108293e-01   6.6395016e-01   3.4166246e-01   3.9276279e-01   3.8108258e-01   9.6603257e-02   4.3361869e-01   4.1499768e-01   5.1079308e-01   6.5463753e-01   3.4986133e-01   3.0543275e-01
   7.3479565e-01   5.1045798e-01   3.2467412e-01   2.8503571e-01   5.3576783e-01   6.1034188e-01   4.9563862e-01   6.7431578e-01   3.9859084e-01   4.9563862e-01   4.3255167e-01   2.6398604e-01   4.7290141e-01   4.1183745e-01   4.9238068e-01   6.0668072e-01   4.5953153e-01   3.1601566e-01
   5.6868907e-01   5.5304464e-01   4.0468929e-01   3.5730681e-01   5.2511692e-01   4.6470439e-01   2.7956971e-01   6.9918627e-01   4.4315195e-01   3.3814883e-01   2.9363975e-01   3.0250517e-01   3.7686212e-01   3.9260599e-01   4.7052390e-01   5.2618256e-01   3.7210251e-01   3.1256053e-01
   5.6038088e-01   5.1635565e-01   3.2634765e-01   3.4206864e-01   4.1463642e-01   4.6426454e-01   9.6603257e-02   7.1981202e-01   3.7944905e-01   4.2578062e-01   3.7354270e-01   3.7290953e-01   5.2127064e-01   4.5929421e-01   4.6178571e-01   4.9795412e-01   3.5257823e-01   3.0044249e-01
   5.8549487e-01   4.7617707e-01   9.6603257e-02   3.2123477e-01   4.2921903e-01   6.4015131e-01   9.6603257e-02   7.4412454e-01   4.1713843e-01   5.1211515e-01   9.6603257e-02   2.9002415e-01   5.4270173e-01   3.9735986e-01   3.5833069e-01   5.5433768e-01   4.7284288e-01   3.2862904e-01
   3.7097271e-01   4.2143597e-01   5.2142544e-01   3.7097271e-01   5.8844121e-01   4.2143597e-01   9.6603257e-02   7.4378118e-01   3.9327257e-01   4.8423490e-01   9.6603257e-02   4.8423490e-01   5.8044496e-01   6.0475415e-01   3.4172040e-01   6.1205966e-01   4.7520762e-01   3.4172040e-01
   5.7308888e-01   5.0000000e-01   3.4338292e-01   9.6603257e-02   5.3453729e-01   7.0040422e-01   9.6603257e-02   6.6573851e-01   4.7760037e-01   5.2253978e-01   3.7262844e-01   5.2253978e-01   5.8304139e-01   3.3796243e-01   5.2553416e-01   6.5009862e-01   5.5469998e-01   9.6603257e-02
   4.7721116e-01   4.9271235e-01   4.1380785e-01   3.7694978e-01   4.3924049e-01   6.2891217e-01   3.7694978e-01   7.5834574e-01   3.7694978e-01   4.8289892e-01   2.7624754e-01   2.7624754e-01   5.2985890e-01   4.6800573e-01   3.2142348e-01   5.8517681e-01   4.9268890e-01   3.2008385e-01
   6.2831638e-01   5.6497328e-01   3.4869327e-01   3.4642703e-01   5.4417637e-01   5.3145966e-01   3.0166127e-01   5.9066365e-01   4.5689968e-01   3.9067098e-01   4.5228152e-01   2.8653392e-01   5.3575211e-01   3.8569163e-01   5.2649695e-01   6.9901589e-01   3.9180717e-01   9.6603257e-02
   5.7601214e-01   6.3830626e-01   4.6128313e-01   3.8983617e-01   5.8849594e-01   5.6077512e-01   9.6603257e-02   7.3703867e-01   4.6860029e-01   4.7921204e-01   2.5215459e-01   9.6603257e-02   5.2355802e-01   4.5849774e-01   4.1269227e-01   4.5849774e-01   3.0278193e-01   5.1845358e-01
   5.5310974e-01   4.9555706e-01   3.6976931e-01   3.4990138e-01   4.7059488e-01   5.1274555e-01   9.6603257e-02   6.0423304e-01   4.7563064e-01   3.2646517e-01   3.7071763e-01   3.1831648e-01   4.6826215e-01   4.2376515e-01   4.9933404e-01   6.0287923e-01   4.0387228e-01   3.2646517e-01
   5.5284021e-01   5.3600029e-01   4.5627471e-01   4.5594242e-01   5.5946405e-01   5.6092359e-01   3.9025950e-01   7.4429308e-01   4.6323061e-01   3.8967620e-01   3.6587147e-01   4.7049023e-01   3.8397471e-01   4.7841837e-01   4.0097642e-01   5.0824964e-01   5.3663732e-01   3.8967620e-01
   4.9679782e-01   3.9464677e-01   4.5373571e-01   9.6603257e-02   5.5819304e-01   7.4079353e-01   9.6603257e-02   7.8511994e-01   3.7438974e-01   5.2372487e-01   4.5373571e-01   9.6603257e-02   5.0000000e-01   9.6603257e-02   3.7874031e-01   6.2591165e-01   5.8541189e-01   9.6603257e-02
   4.7171618e-01   4.2933650e-01   3.8046124e-01   4.6466704e-01   4.9654428e-01   3.8840414e-01   3.0186706e-01   5.6213533e-01   3.8849574e-01   4.6977322e-01   5.6863417e-01   3.3174159e-01   3.9257747e-01   4.2052063e-01   4.4957816e-01   5.2319125e-01   4.3046608e-01   3.1865658e-01
   5.1128217e-01   4.9550584e-01   4.4758451e-01   4.4758451e-01   6.9750269e-01   5.7980344e-01   9.6603257e-02   7.4313093e-01   5.1801873e-01   5.1157423e-01   5.3537334e-01   4.8129602e-01   5.9512749e-01   7.0671317e-01   3.7438974e-01   5.7543677e-01   5.4088913e-01   4.6633321e-01
   3.9913757e-01   4.9271595e-01   3.1446008e-01   3.3349786e-01   5.4798041e-01   4.7749595e-01   2.6674502e-01   7.5046253e-01   4.6142843e-01   5.0197435e-01   3.0649888e-01   9.6603257e-02   4.8231602e-01   5.8357874e-01   4.6537345e-01   5.7245454e-01   3.8246558e-01   9.6603257e-02
   6.2910156e-01   5.4920791e-01   5.0878567e-01   9.6603257e-02   5.4489973e-01   5.2178668e-01   5.0555590e-01   5.8054544e-01   3.6512100e-01   3.9961525e-01   6.4681713e-01   5.0878567e-01   4.3036324e-01   4.1841621e-01   5.7506205e-01   7.3483206e-01   3.2399411e-01   3.0761523e-01
   5.8095759e-01   5.6663643e-01   3.7048304e-01   3.9947590e-01   6.9700938e-01   4.2227313e-01   2.7377382e-01   5.8497251e-01   4.1764407e-01   3.0376648e-01   2.7723325e-01   3.8833923e-01   3.6644713e-01   5.0723138e-01   5.1078236e-01   4.9076599e-01   5.1953532e-01   2.9983073e-01
   4.0867538e-01   4.4624843e-01   3.5762676e-01   3.6259922e-01   6.6088466e-01   4.7943566e-01   9.6603257e-02   7.3984763e-01   3.9492832e-01   4.2869332e-01   3.2804791e-01   3.2346357e-01   3.7833313e-01   5.3521667e-01   4.3581812e-01   4.9783229e-01   5.3149218e-01   9.6603257e-02
   5.6435218e-01   5.6211653e-01   3.4503800e-01   4.1215683e-01   6.4152372e-01   4.2656247e-01   9.6603257e-02   5.8867389e-01   4.2656247e-01   5.0214413e-01   3.8336762e-01   2.5215459e-01   4.5474925e-01   4.2656247e-01   4.3935607e-01   3.8944089e-01   3.6267244e-01   5.0585279e-01
   5.2855086e-01   6.2766124e-01   5.7543677e-01   4.4248565e-01   6.4775972e-01   5.7412164e-01   9.6603257e-02   7.2403716e-01   4.1566200e-01   3.2787758e-01   5.4253222e-01   4.0624427e-01   4.8796817e-01   4.1566200e-01   3.9350299e-01   5.6106288e-01   4.1655373e-01   1.6041372e-01
   6.2896542e-01   5.4807782e-01   3.2612962e-01   3.4226341e-01   6.8173646e-01   5.8865455e-01   3.1107222e-01   7.4412833e-01   3.5902987e-01   4.3876731e-01   3.0463632e-01   4.9955953e-01   5.0234155e-01   6.0057175e-01   4.9959363e-01   5.0472681e-01   5.3175575e-01   5.4350124e-01
   6.7494780e-01   3.4515128e-01   9.6603257e-02   5.2372487e-01   5.4620753e-01   5.5666866e-01   9.6603257e-02   7.8062624e-01   9.6603257e-02   5.5666866e-01   9.6603257e-02   5.2372487e-01   4.8796817e-01   6.0896938e-01   5.4491470e-01   5.4491470e-01   6.2053430e-01   4.8796817e-01
   6.4726202e-01   6.3561713e-01   9.6603257e-02   4.9208812e-01   4.6458169e-01   6.5009862e-01   9.6603257e-02   7.4575527e-01   5.6099346e-01   3.7830273e-01   5.2628009e-01   5.2628009e-01   3.1106074e-01   3.4319680e-01   6.0502481e-01   5.3129190e-01   5.5035152e-01   9.6603257e-02
   5.5335338e-01   4.8840783e-01   2.6206760e-01   2.6882959e-01   5.7459134e-01   5.3367534e-01   9.6603257e-02   6.0458798e-01   3.5164723e-01   4.2995336e-01   3.2263044e-01   2.2307529e-01   4.2416886e-01   3.6295244e-01   4.9885576e-01   5.3388145e-01   5.3855835e-01   9.6603257e-02
   5.7901916e-01   5.2149495e-01   3.1092416e-01   2.8788718e-01   4.4687102e-01   5.4385893e-01   9.6603257e-02   7.2528852e-01   3.3489375e-01   5.0380199e-01   3.4887322e-01   9.6603257e-02   4.3830217e-01   3.7052975e-01   3.8902962e-01   4.8875910e-01   3.8301126e-01   5.2159077e-01
   4.6539567e-01   4.9315910e-01   5.1670790e-01   5.1670790e-01   6.6456797e-01   5.0030776e-01   9.6603257e-02   7.0760570e-01   5.5547010e-01   5.1670790e-01   3.5844291e-01   5.0164745e-01   5.1457000e-01   5.2110998e-01   5.3829553e-01   5.5803779e-01   4.9583931e-01   3.6094211e-01
   7.1952765e-01   4.8803373e-01   3.0054332e-01   2.9927019e-01   5.2115056e-01   5.2268495e-01   2.6478465e-01   6.0065267e-01   3.6870073e-01   3.5604541e-01   3.3138059e-01   2.7306519e-01   3.5542407e-01   3.7916054e-01   4.5100944e-01   6.4280763e-01   3.4800795e-01   2.8990405e-01
   6.9482082e-01   5.3966484e-01   3.0200802e-01   3.0721724e-01   6.4200990e-01   6.4015131e-01   2.7624590e-01   7.3264890e-01   3.3073580e-01   3.0996648e-01   3.0037545e-01   4.9877162e-01   3.6288954e-01   3.8169707e-01   4.7366810e-01   5.9779069e-01   4.7178072e-01   4.3680362e-01
   4.6970831e-01   4.5522395e-01   4.1202547e-01   3.7508999e-01   5.6952070e-01   4.9646734e-01   5.1005538e-01   7.2128676e-01   4.4549485e-01   4.6555680e-01   4.3374590e-01   3.7946987e-01   4.0606371e-01   4.1863351e-01   4.5299257e-01   5.1661845e-01   4.2104489e-01   3.4114663e-01
   6.1630056e-01   6.0908818e-01   3.6368751e-01   4.1499439e-01   5.9733409e-01   4.8417142e-01   2.6145651e-01   6.0929291e-01   4.4472064e-01   3.5826329e-01   4.9643786e-01   3.6368751e-01   4.6116525e-01   3.8674832e-01   6.0759291e-01   5.9938069e-01   4.4122494e-01   4.1675999e-01
   6.6152079e-01   5.1862231e-01   4.0511816e-01   3.9674458e-01   4.9081083e-01   4.3373405e-01   9.6603257e-02   4.3185795e-01   4.4587470e-01   4.9508966e-01   4.1838833e-01   3.6038470e-01   3.2876603e-01   3.4195217e-01   4.7051803e-01   5.6252208e-01   2.9975458e-01   2.8988006e-01
   5.5382161e-01   4.7965324e-01   3.0758303e-01   3.2183540e-01   4.5364413e-01   5.4323639e-01   4.2221117e-01   7.2778065e-01   3.2370211e-01   3.3149733e-01   3.0763731e-01   2.8875790e-01   3.9104560e-01   4.0750724e-01   3.8887774e-01   6.3865695e-01   3.9317044e-01   3.0887370e-01
   5.4626643e-01   4.5206446e-01   3.3951752e-01   3.3567966e-01   5.2105011e-01   5.3975205e-01   2.9192925e-01   7.3581415e-01   3.4059945e-01   4.3070232e-01   3.2316329e-01   3.1345810e-01   4.1167868e-01   4.1758231e-01   4.5805670e-01   6.1090111e-01   3.7677978e-01   3.2951508e-01
   5.2531757e-01   4.4638788e-01   3.0656506e-01   3.0991867e-01   3.9304714e-01   4.6460027e-01   9.6603257e-02   6.7919355e-01   3.3723007e-01   5.0055424e-01   3.5043109e-01   3.1412486e-01   3.4109142e-01   3.4561020e-01   4.0214347e-01   4.8877577e-01   4.3249060e-01   3.2141523e-01
   6.9773269e-01   6.1693625e-01   5.4478022e-01   5.3882787e-01   5.6946711e-01   5.7318489e-01   3.0711109e-01   6.1757722e-01   4.5936804e-01   4.9673467e-01   3.0827259e-01   3.8605195e-01   3.9946307e-01   4.3379671e-01   5.5926487e-01   5.8458335e-01   4.5210896e-01   9.6603257e-02
   5.1985921e-01   5.4221539e-01   3.3466148e-01   3.5511503e-01   7.0404596e-01   4.9384200e-01   9.6603257e-02   6.7611987e-01   4.8504234e-01   4.2698582e-01   3.6461775e-01   3.1894392e-01   4.4441022e-01   5.1222701e-01   4.4411378e-01   5.4856211e-01   4.0563409e-01   3.1169620e-01
   5.4277074e-01   4.9585891e-01   3.5418663e-01   3.6443023e-01   6.2082590e-01   4.5986476e-01   2.8462076e-01   6.0612468e-01   4.1233065e-01   3.6151694e-01   3.2603801e-01   3.4912857e-01   3.5462476e-01   4.0259431e-01   4.4095119e-01   4.6946263e-01   3.1550623e-01   2.7972005e-01
   4.7301871e-01   4.9243169e-01   3.4253903e-01   3.5832130e-01   5.8629866e-01   5.0188390e-01   9.6603257e-02   7.4009964e-01   4.4915337e-01   4.2780377e-01   3.0675037e-01   3.1842345e-01   5.1441624e-01   5.4167804e-01   3.5826194e-01   4.7934098e-01   5.1036809e-01   3.9984536e-01
   4.5943291e-01   4.7873742e-01   3.3142706e-01   3.6877037e-01   7.4958813e-01   5.5672710e-01   9.6603257e-02   6.2370790e-01   5.3440471e-01   5.4691285e-01   4.3904001e-01   3.0499486e-01   6.1474334e-01   6.6456797e-01   3.6315428e-01   6.1067659e-01   4.3904001e-01   4.9966730e-01
   5.3758497e-01   4.9965979e-01   4.8614023e-01   4.3989197e-01   5.1910108e-01   5.5021482e-01   9.6603257e-02   7.8425432e-01   4.8201989e-01   3.1169620e-01   3.4975299e-01   3.0611551e-01   5.3030868e-01   5.7882835e-01   4.1808890e-01   5.1140108e-01   5.2251988e-01   9.6603257e-02
   5.4984632e-01   5.3603728e-01   4.3370584e-01   4.2815760e-01   5.4657943e-01   5.2514676e-01   2.6951501e-01   7.2773465e-01   4.5922208e-01   2.7651025e-01   4.3087764e-01   4.3551472e-01   3.6865828e-01   4.3772635e-01   3.6788625e-01   5.7585070e-01   4.5826900e-01   3.3172704e-01
   4.5908799e-01   3.6539636e-01   2.9168171e-01   3.0842122e-01   6.8727862e-01   5.0843734e-01   9.6603257e-02   7.3889648e-01   3.6555683e-01   4.9905254e-01   4.0180487e-01   4.3749491e-01   4.7382509e-01   5.4435841e-01   3.7575552e-01   4.9261546e-01   3.1836694e-01   9.6603257e-02
   5.3000357e-01   5.1776985e-01   3.4739288e-01   3.4739288e-01   5.8830137e-01   5.5884349e-01   4.9796499e-01   7.4432874e-01   4.7641321e-01   5.2594388e-01   3.1370046e-01   9.6603257e-02   4.4612720e-01   5.1418698e-01   4.3681012e-01   5.1640082e-01   4.3688249e-01   9.6603257e-02
   4.7577976e-01   4.5091456e-01   4.4603454e-01   4.4603454e-01   5.6092399e-01   3.9249024e-01   4.7622671e-01   6.5349886e-01   5.7805518e-01   3.6387471e-01   3.3508329e-01   3.3508329e-01   5.0990908e-01   4.1950667e-01   5.4706536e-01   5.0005340e-01   5.9486389e-01   5.1677281e-01
   6.8680862e-01   5.0112843e-01   3.0756575e-01   3.0829144e-01   5.5347652e-01   5.3997340e-01   4.9705909e-01   6.0266640e-01   3.4909341e-01   2.7317648e-01   3.4212663e-01   3.0756575e-01   4.1720258e-01   4.3282452e-01   3.8968867e-01   6.5891594e-01   3.8843068e-01   3.3283824e-01
   6.5181716e-01   5.2459505e-01   3.7395697e-01   3.9863582e-01   5.2918061e-01   5.4387097e-01   9.6603257e-02   5.4991206e-01   2.7823048e-01   5.0348402e-01   1.8574666e-01   3.3209869e-01   4.0555788e-01   4.5451901e-01   5.6301094e-01   5.4931016e-01   4.4790570e-01   9.6603257e-02
   5.7271964e-01   5.6615225e-01   4.3420932e-01   4.1226730e-01   4.6323794e-01   6.1048596e-01   5.0133647e-01   7.3978914e-01   4.2285845e-01   3.1356524e-01   5.3767603e-01   5.1422464e-01   5.2141241e-01   4.3389604e-01   5.3862991e-01   6.5009862e-01   3.9040621e-01   4.9017731e-01
   7.3185112e-01   5.7347280e-01   4.0592371e-01   4.3353376e-01   4.4618763e-01   4.8826661e-01   2.5215459e-01   6.2471619e-01   5.2951578e-01   5.0075772e-01   4.0124238e-01   9.6603257e-02   4.1562352e-01   3.7543118e-01   4.8371571e-01   7.1307262e-01   3.2900361e-01   2.7677581e-01
   5.8706288e-01   6.2960752e-01   5.3082395e-01   5.6858974e-01   5.4385893e-01   6.4003735e-01   9.6603257e-02   7.4592028e-01   5.6858974e-01   4.6146282e-01   3.3260049e-01   4.4432866e-01   3.5499622e-01   4.0380081e-01   4.9480712e-01   5.2744528e-01   3.6888718e-01   5.0919598e-01
   4.4822132e-01   4.0408345e-01   3.0826852e-01   3.2089356e-01   4.6936537e-01   6.0065376e-01   9.6603257e-02   7.3831378e-01   4.2763072e-01   3.0234827e-01   4.9429373e-01   4.4317406e-01   4.3881717e-01   4.2887520e-01   4.8029557e-01   6.9944614e-01   3.4070044e-01   9.6603257e-02
   4.4955038e-01   4.2016810e-01   2.9371126e-01   2.8685771e-01   5.5201815e-01   5.4043483e-01   2.7139310e-01   7.4169879e-01   4.3564296e-01   4.7695827e-01   3.7674987e-01   3.2230462e-01   4.4909071e-01   4.7394480e-01   3.4126536e-01   5.2304549e-01   4.9634712e-01   3.8303962e-01
   5.4994104e-01   4.6336058e-01   3.0140584e-01   3.0030694e-01   6.4548786e-01   5.3471039e-01   9.6603257e-02   7.4049159e-01   3.8217093e-01   4.9859314e-01   3.2991821e-01   9.6603257e-02   4.6860029e-01   3.9064585e-01   4.4332268e-01   5.2533154e-01   3.9891754e-01   4.9859314e-01
   6.7683848e-01   5.3680795e-01   3.7792993e-01   2.7717189e-01   4.0836626e-01   4.8487275e-01   3.0610492e-01   5.6729971e-01   3.9467319e-01   3.9489835e-01   3.4371212e-01   3.0773707e-01   4.2851104e-01   4.1005069e-01   4.6104493e-01   6.0497804e-01   2.6247816e-01   2.5927543e-01
   4.2437115e-01   5.2432646e-01   3.5469318e-01   3.2715691e-01   5.6320482e-01   5.9313209e-01   3.5469318e-01   7.4022806e-01   5.0442141e-01   5.3438840e-01   2.9403483e-01   3.5469318e-01   5.0089907e-01   5.0442141e-01   5.1677462e-01   4.6758329e-01   4.2565739e-01   3.2715691e-01
   6.0784194e-01   6.2293167e-01   4.7206748e-01   4.8935814e-01   6.7447617e-01   5.0498241e-01   2.7932201e-01   6.5169440e-01   5.1478487e-01   4.2234563e-01   4.5365009e-01   4.3522527e-01   4.8193018e-01   5.0498241e-01   6.0475415e-01   5.5119140e-01   3.9472162e-01   3.8243356e-01
   4.3103464e-01   4.6178571e-01   3.6083985e-01   3.3582679e-01   3.6592496e-01   4.7707720e-01   4.9826602e-01   7.2004439e-01   4.3314651e-01   3.7093587e-01   4.1672528e-01   9.6603257e-02   4.7527358e-01   4.2020841e-01   4.9393476e-01   6.4808843e-01   4.4663711e-01   4.2498487e-01
   6.2710741e-01   6.0599369e-01   4.6876266e-01   4.4826479e-01   5.1231078e-01   4.6320715e-01   4.9775267e-01   6.8500515e-01   4.5334670e-01   4.2439380e-01   3.1175684e-01   2.8802004e-01   3.8330168e-01   3.9208078e-01   5.4267858e-01   5.4824248e-01   3.2965504e-01   2.8780037e-01
   4.7994030e-01   4.9228963e-01   4.3823782e-01   4.8582879e-01   6.0078583e-01   5.4762934e-01   3.3902497e-01   7.4062639e-01   4.1264630e-01   3.1077908e-01   3.7044264e-01   9.6603257e-02   4.5984005e-01   4.5313257e-01   4.4864386e-01   5.5798753e-01   3.8721588e-01   9.6603257e-02
   5.1368375e-01   5.6011916e-01   4.9894731e-01   4.6222948e-01   6.5224244e-01   4.1966265e-01   9.6603257e-02   6.3013698e-01   4.1452227e-01   4.2063830e-01   2.1750472e-01   3.5996288e-01   3.3070360e-01   5.3962769e-01   4.4816350e-01   4.7674254e-01   4.2949414e-01   3.0679435e-01
   6.2396608e-01   4.8980121e-01   3.9107339e-01   3.7360058e-01   5.1309303e-01   5.7485872e-01   9.6603257e-02   7.3844592e-01   4.7311740e-01   4.2277120e-01   4.6556287e-01   3.8364476e-01   5.2723179e-01   3.5977439e-01   5.1975917e-01   6.7033096e-01   3.8698728e-01   3.3563856e-01
   6.7841846e-01   4.4762441e-01   5.0764497e-01   3.4889100e-01   5.6553907e-01   5.8705141e-01   9.6603257e-02   5.9935774e-01   3.1251205e-01   3.2240188e-01   3.4889100e-01   5.0764497e-01   3.2845153e-01   4.0719194e-01   3.7149913e-01   7.2921350e-01   4.5807708e-01   9.6603257e-02
   6.0707976e-01   4.3332873e-01   3.8406683e-01   3.5916890e-01   5.0546430e-01   5.5491964e-01   4.9367294e-01   6.2937854e-01   3.4178669e-01   4.1022275e-01   3.6451041e-01   2.7317648e-01   4.2336663e-01   4.4248529e-01   4.4734332e-01   7.2791437e-01   4.4332577e-01   3.2003719e-01
   4.1992399e-01   4.4946711e-01   3.8053699e-01   4.3494162e-01   5.7216165e-01   4.5975002e-01   3.3472077e-01   7.4208195e-01   4.1083373e-01   4.6820085e-01   3.9470979e-01   3.5266729e-01   4.5720354e-01   5.4975394e-01   3.8399825e-01   5.0832978e-01   4.6682180e-01   4.7355409e-01
   6.7815199e-01   4.7528713e-01   3.0734557e-01   3.0054740e-01   4.9238549e-01   4.9479442e-01   9.6603257e-02   5.6355884e-01   3.9450797e-01   3.5699800e-01   3.9631288e-01   4.1956147e-01   3.8692554e-01   3.6499532e-01   4.5471349e-01   6.4730092e-01   3.5395719e-01   2.9043917e-01
   7.1029612e-01   6.0407726e-01   1.9737941e-01   1.9017905e-01   5.3897722e-01   5.3520317e-01   3.7486309e-01   5.6461519e-01   4.6405969e-01   4.9689008e-01   2.8508132e-01   2.5215459e-01   3.4162032e-01   3.2933126e-01   5.0169284e-01   5.7541285e-01   4.6703713e-01   4.9689008e-01
   4.8347612e-01   4.6170262e-01   3.1478592e-01   3.4052983e-01   5.7843768e-01   4.2825652e-01   3.8387152e-01   7.4436344e-01   3.8946285e-01   4.9279417e-01   3.0047146e-01   3.3033249e-01   4.1646742e-01   5.4309422e-01   4.4213333e-01   4.9402674e-01   4.3600001e-01   2.7246837e-01
   5.9420772e-01   5.1852000e-01   3.4253903e-01   9.6603257e-02   5.2812147e-01   5.7650252e-01   9.6603257e-02   7.4061906e-01   3.9040630e-01   4.5180796e-01   5.0178660e-01   3.1855730e-01   5.6694122e-01   3.2089477e-01   5.5732724e-01   5.5284021e-01   4.3061936e-01   3.5832130e-01
   5.6644315e-01   5.6358974e-01   4.3152186e-01   4.1217603e-01   6.6058153e-01   5.3052531e-01   3.8289881e-01   6.2708695e-01   4.7506505e-01   3.0239294e-01   3.6623391e-01   4.1631313e-01   4.8839701e-01   5.0263355e-01   4.6211926e-01   5.6670923e-01   3.8289881e-01   2.6533676e-01
   6.1528677e-01   5.1151577e-01   2.7751108e-01   2.9496720e-01   6.2747161e-01   5.0102102e-01   9.6603257e-02   6.6240253e-01   3.6975208e-01   4.4820634e-01   3.4417772e-01   3.9789928e-01   4.3390299e-01   4.6730320e-01   4.0691863e-01   5.5223506e-01   4.7522473e-01   4.2658029e-01
   6.4252157e-01   4.3846837e-01   5.0261996e-01   4.3533031e-01   5.7313053e-01   6.7786089e-01   9.6603257e-02   6.8150985e-01   3.1467574e-01   4.3533031e-01   4.9335492e-01   9.6603257e-02   5.3742976e-01   4.3388313e-01   5.1413118e-01   6.5009862e-01   5.5243836e-01   9.6603257e-02
   3.9373201e-01   3.3149733e-01   4.0745828e-01   3.2399411e-01   5.5071223e-01   4.0504192e-01   2.5215459e-01   4.8499030e-01   3.2677605e-01   4.9886345e-01   6.6877156e-01   4.1540173e-01   3.8697220e-01   3.6164871e-01   3.6948423e-01   5.6128303e-01   4.8219243e-01   2.7640074e-01
   6.3595392e-01   5.4104774e-01   4.6971385e-01   3.8469006e-01   7.1513539e-01   4.6490653e-01   4.9540851e-01   5.7056833e-01   4.3356346e-01   3.1314925e-01   3.8872307e-01   4.2592200e-01   4.3699335e-01   4.8434387e-01   5.0019586e-01   5.8206566e-01   4.8215755e-01   3.1314925e-01
   5.8614007e-01   5.0980960e-01   3.6073348e-01   3.4639455e-01   5.2043216e-01   5.2004288e-01   3.3740196e-01   6.9616625e-01   3.8432819e-01   2.7586692e-01   3.0480522e-01   2.8985403e-01   3.8841818e-01   3.6829230e-01   4.6983813e-01   5.5101353e-01   3.7400494e-01   2.9436343e-01
   5.2162402e-01   4.5068984e-01   3.9225363e-01   3.7602942e-01   5.3656644e-01   4.7196184e-01   9.6603257e-02   6.9659220e-01   3.6934313e-01   5.0515938e-01   2.5806520e-01   4.0124169e-01   5.3663732e-01   4.8457700e-01   3.6169374e-01   5.6022747e-01   3.3205351e-01   2.5215459e-01
   5.9341748e-01   4.9414600e-01   3.4990138e-01   3.3715321e-01   5.0811790e-01   4.6524257e-01   4.7833551e-01   6.1116601e-01   3.9524585e-01   4.9601548e-01   3.5128340e-01   3.2813853e-01   4.4802143e-01   4.2049674e-01   5.3447312e-01   5.4326091e-01   4.4823697e-01   1.1586392e-01
   6.3160023e-01   5.6349721e-01   3.5440788e-01   3.9409195e-01   6.6662124e-01   4.6611633e-01   9.6603257e-02   6.1121338e-01   3.9806593e-01   4.9235802e-01   3.5977820e-01   3.7632307e-01   3.9994224e-01   4.6148189e-01   4.5007135e-01   5.6046484e-01   4.0556621e-01   4.0115301e-01
   5.6540357e-01   5.6142763e-01   3.4799358e-01   3.6062573e-01   6.4622730e-01   4.4734222e-01   3.5120848e-01   5.8048282e-01   3.9536245e-01   4.9537780e-01   3.4561264e-01   3.2604974e-01   3.5382515e-01   4.0184149e-01   4.2093181e-01   4.4589262e-01   3.7669185e-01   3.2158805e-01
   7.5092517e-01   5.7094888e-01   4.2910536e-01   3.3205351e-01   4.2123151e-01   6.1332156e-01   5.0515938e-01   6.7707227e-01   3.3078575e-01   2.8618058e-01   3.3205351e-01   9.6603257e-02   3.8573506e-01   5.2253978e-01   4.5075367e-01   6.9212694e-01   5.7084408e-01   5.0515938e-01
   4.6969570e-01   5.3984188e-01   4.7871562e-01   4.1443131e-01   5.1055108e-01   4.4692192e-01   5.1327158e-01   6.9795413e-01   5.1810962e-01   5.1327158e-01   4.2063368e-01   4.5574759e-01   3.7800186e-01   5.1255101e-01   4.1012674e-01   4.6182094e-01   3.3998539e-01   9.6603257e-02
   5.2606183e-01   4.9060161e-01   3.4348617e-01   3.4222543e-01   4.5505919e-01   4.1601340e-01   3.1277196e-01   7.3477596e-01   3.5424775e-01   3.2684596e-01   3.2839421e-01   3.2888653e-01   4.1169445e-01   4.2471962e-01   5.3602199e-01   5.1293760e-01   3.8428201e-01   3.1549333e-01
   4.8213290e-01   4.3152737e-01   9.6603257e-02   3.2166734e-01   4.3611116e-01   5.8098489e-01   3.7048481e-01   7.4188280e-01   3.6994135e-01   4.6977107e-01   4.1133123e-01   4.9811283e-01   5.4611359e-01   4.1950667e-01   4.0317154e-01   6.6532454e-01   4.3678087e-01   4.0422278e-01
   5.8861671e-01   4.5266597e-01   3.7554878e-01   3.7554878e-01   5.8702114e-01   5.6657094e-01   5.1845358e-01   6.6271313e-01   3.5543818e-01   5.1845358e-01   4.4790570e-01   3.2517879e-01   5.1086269e-01   3.8413024e-01   5.0202407e-01   5.3422560e-01   5.1845358e-01   4.4790570e-01
   6.9844680e-01   5.4920234e-01   4.8456420e-01   2.7313341e-01   4.9254499e-01   6.1422618e-01   9.6603257e-02   5.9920460e-01   4.8456420e-01   4.9877162e-01   5.3051873e-01   3.0996648e-01   5.3329920e-01   3.6169374e-01   5.9201607e-01   6.7523394e-01   4.0004324e-01   2.7120219e-01
   6.1965091e-01   6.1900606e-01   5.5908427e-01   4.9150870e-01   5.5428083e-01   4.8853866e-01   4.9333493e-01   6.2339424e-01   5.4336032e-01   5.0607180e-01   4.7964698e-01   4.9035719e-01   5.6229606e-01   4.0914831e-01   6.0386591e-01   6.0210429e-01   5.3626396e-01   3.2646517e-01
   5.4574950e-01   5.6657094e-01   5.5066039e-01   5.3857337e-01   6.4201115e-01   5.3195114e-01   4.7195445e-01   6.3274651e-01   5.4176996e-01   4.9613850e-01   4.5678756e-01   5.3282673e-01   5.0388250e-01   4.6367158e-01   5.9751826e-01   5.8371241e-01   3.5855915e-01   3.2537199e-01
   5.7893464e-01   4.7133811e-01   3.1086738e-01   3.4100927e-01   5.1541956e-01   4.7752023e-01   3.3547544e-01   6.5940778e-01   3.7642204e-01   2.7878025e-01   3.8239511e-01   2.8932832e-01   3.8072226e-01   3.9372349e-01   4.5593949e-01   6.0850720e-01   3.3101569e-01   2.8148305e-01
   6.4921523e-01   4.7723991e-01   3.4063070e-01   2.9471105e-01   3.5977776e-01   6.1718016e-01   9.6603257e-02   7.1565345e-01   2.8829007e-01   4.2556703e-01   4.0041713e-01   3.1658074e-01   4.2996308e-01   3.4314430e-01   5.1022103e-01   6.8458689e-01   3.3073580e-01   2.6145651e-01
   4.8210821e-01   4.4737312e-01   4.3693881e-01   3.3347057e-01   5.3808143e-01   4.3591558e-01   3.0748548e-01   7.0906910e-01   3.8657389e-01   4.2352838e-01   3.7742569e-01   3.0823599e-01   3.8325348e-01   5.1617908e-01   4.1288927e-01   5.6294468e-01   3.2506561e-01   2.9569447e-01
   5.0338944e-01   4.8639180e-01   3.8215585e-01   3.8484325e-01   5.1459609e-01   4.4953395e-01   3.5290729e-01   7.3932506e-01   3.9776689e-01   3.6972002e-01   3.2824830e-01   3.7755805e-01   3.9051488e-01   5.1923353e-01   4.1066165e-01   4.9524899e-01   3.8414095e-01   3.2014079e-01
   5.2822418e-01   5.3123149e-01   3.7820965e-01   3.9528908e-01   6.0638001e-01   5.0714100e-01   9.6603257e-02   6.2724378e-01   3.8960864e-01   3.0543275e-01   3.3891109e-01   3.9836538e-01   4.2528780e-01   4.3628402e-01   3.5646095e-01   5.6845461e-01   3.7966390e-01   3.3272326e-01
   5.6595155e-01   4.1518559e-01   3.5937662e-01   3.5727349e-01   4.5663218e-01   4.6023320e-01   9.6603257e-02   5.6063025e-01   3.5727349e-01   4.9694555e-01   2.6503664e-01   3.1866513e-01   3.4377314e-01   3.9631276e-01   3.2619298e-01   5.2959635e-01   3.1044701e-01   3.1438180e-01
   5.9040088e-01   5.5253467e-01   3.9372506e-01   3.9753214e-01   5.7018141e-01   4.9471224e-01   4.9782223e-01   6.1034188e-01   4.4705568e-01   3.0863581e-01   4.6436035e-01   3.3366833e-01   4.4705568e-01   3.9179294e-01   4.7250385e-01   5.6159315e-01   4.1717946e-01   4.4488771e-01
   4.2578225e-01   5.0171629e-01   3.1169620e-01   3.1169620e-01   6.4329326e-01   6.1388645e-01   5.0000459e-01   7.4055779e-01   3.2751352e-01   5.4187615e-01   4.3989197e-01   2.7831895e-01   5.1221861e-01   4.0240659e-01   3.4765227e-01   5.4556700e-01   5.6772164e-01   3.1169620e-01
   5.0884772e-01   6.4930764e-01   9.6603257e-02   3.3356135e-01   3.7830469e-01   5.0443613e-01   9.6603257e-02   7.0132793e-01   3.5102623e-01   4.2152259e-01   2.8764324e-01   3.0394043e-01   6.2324759e-01   4.0786493e-01   3.7357140e-01   6.7774421e-01   4.9326848e-01   4.0953688e-01
   5.9425820e-01   4.2575376e-01   2.9655535e-01   2.9655535e-01   5.4525075e-01   5.1097171e-01   9.6603257e-02   5.8011786e-01   3.5491572e-01   3.8194380e-01   3.5751975e-01   2.7296675e-01   3.8118757e-01   4.1229545e-01   4.4786592e-01   5.8041032e-01   3.6267244e-01   9.6603257e-02
   6.9472969e-01   6.0826462e-01   3.6549103e-01   3.8787790e-01   5.9800256e-01   4.8924060e-01   2.5215459e-01   5.6530527e-01   4.7668475e-01   3.0212306e-01   3.7175153e-01   3.1693417e-01   3.6397911e-01   4.1710229e-01   5.0507564e-01   5.4522990e-01   4.3068486e-01   2.9393223e-01
   4.3389890e-01   3.8162934e-01   3.1314925e-01   5.0104026e-01   4.9583825e-01   5.2893712e-01   9.6603257e-02   7.3984763e-01   2.9715842e-01   5.0104026e-01   3.6425479e-01   5.0104026e-01   3.6304878e-01   4.1692600e-01   3.3829713e-01   5.8914871e-01   3.0941006e-01   2.6188810e-01
   4.8574844e-01   4.1644943e-01   4.2115216e-01   3.5934255e-01   6.3604511e-01   4.2402030e-01   9.6603257e-02   7.2686353e-01   3.5934255e-01   4.9299550e-01   3.4414166e-01   2.8491562e-01   4.2442598e-01   4.6886179e-01   3.7618086e-01   5.2058074e-01   3.9584110e-01   3.5166841e-01
   7.0041369e-01   6.0110815e-01   3.2981842e-01   3.6088826e-01   5.7778536e-01   4.2967078e-01   9.6603257e-02   5.7147735e-01   3.4745754e-01   4.9429563e-01   3.2706905e-01   4.1538050e-01   4.2122411e-01   4.8266759e-01   4.9931213e-01   5.5713726e-01   4.9197000e-01   3.8390634e-01
   5.2797210e-01   4.4053054e-01   3.1400167e-01   3.1400167e-01   6.4081909e-01   5.6123103e-01   9.6603257e-02   7.3099879e-01   4.9583931e-01   3.8054367e-01   3.4656033e-01   3.1400167e-01   4.1857527e-01   3.7757917e-01   4.8463479e-01   6.5057496e-01   3.8197545e-01   4.4394326e-01
   5.0658124e-01   4.4630291e-01   3.3876617e-01   3.3703368e-01   6.9568658e-01   5.3868149e-01   4.1930437e-01   7.3020022e-01   4.6302374e-01   4.5758112e-01   3.7934777e-01   4.0362064e-01   4.5266867e-01   5.4876390e-01   4.0835871e-01   5.5783465e-01   3.7787636e-01   2.7751263e-01
   6.1387361e-01   3.9460765e-01   3.1627818e-01   3.1627818e-01   5.6011003e-01   6.9670701e-01   9.6603257e-02   7.4110051e-01   5.0327193e-01   3.8593563e-01   3.1622336e-01   2.8002076e-01   5.7020711e-01   5.5315547e-01   3.3724603e-01   6.3979516e-01   5.0327193e-01   4.3073657e-01
   5.7376234e-01   5.0618321e-01   3.8143466e-01   3.5742230e-01   5.9236191e-01   4.6731080e-01   9.6603257e-02   7.3097387e-01   4.0658540e-01   3.0207808e-01   3.8918354e-01   4.2553222e-01   3.7383775e-01   4.9555347e-01   4.0450963e-01   5.5406462e-01   4.0876303e-01   3.7759981e-01
   6.2780541e-01   6.5630905e-01   4.2244578e-01   3.8171993e-01   5.5168329e-01   4.9937536e-01   9.6603257e-02   4.9928196e-01   3.1876435e-01   5.3195016e-01   3.2989553e-01   3.4990138e-01   4.6232670e-01   3.9370597e-01   4.2128336e-01   5.0655723e-01   4.7694686e-01   4.2277120e-01
   3.6039289e-01   4.5106163e-01   5.4091201e-01   3.7208840e-01   7.0742963e-01   6.9243881e-01   9.6603257e-02   6.8514754e-01   4.1016851e-01   5.4091201e-01   9.6603257e-02   4.0126772e-01   5.9575452e-01   4.8305057e-01   4.5106163e-01   3.5040469e-01   9.6603257e-02   9.6603257e-02
   5.0576442e-01   4.7248200e-01   3.7001844e-01   3.6360116e-01   5.6680091e-01   5.4716610e-01   3.6192470e-01   6.9457120e-01   3.7637691e-01   3.2067079e-01   3.3912711e-01   3.1784117e-01   4.6895348e-01   4.4586172e-01   4.2430489e-01   5.3320538e-01   3.6532016e-01   4.3432240e-01
   3.7026827e-01   4.9734329e-01   2.7140421e-01   3.2537199e-01   5.9956362e-01   4.8980121e-01   3.9545175e-01   7.3893268e-01   3.5688612e-01   4.7556814e-01   3.6449229e-01   4.7239665e-01   4.7503130e-01   5.3286934e-01   5.1828439e-01   4.5413499e-01   4.2270102e-01   4.3005927e-01
   4.3477816e-01   4.2659861e-01   3.4143984e-01   3.4809432e-01   5.2429632e-01   4.4107951e-01   4.9434101e-01   7.4021977e-01   4.2295539e-01   4.9421071e-01   3.8489672e-01   4.0356719e-01   4.8362016e-01   5.1132296e-01   4.2794851e-01   5.4259909e-01   5.1179350e-01   4.1762454e-01
   5.4973995e-01   4.8898079e-01   4.8898079e-01   3.5373019e-01   5.9201607e-01   6.0925245e-01   9.6603257e-02   7.4437337e-01   4.4705568e-01   5.3438840e-01   3.1192926e-01   9.6603257e-02   9.6603257e-02   5.3735503e-01   4.7466705e-01   5.1710462e-01   4.5628433e-01   5.3438840e-01
   7.0298147e-01   5.4836195e-01   3.8913072e-01   3.3671467e-01   5.9065373e-01   4.3106074e-01   9.6603257e-02   5.2879566e-01   4.3922368e-01   4.2672456e-01   3.8615994e-01   3.1137766e-01   3.6493483e-01   3.7803554e-01   4.9205868e-01   6.1130378e-01   3.0076575e-01   3.1821817e-01
   5.5199030e-01   5.5387984e-01   5.1486777e-01   5.0366422e-01   6.1737937e-01   5.9791773e-01   9.6603257e-02   7.7684271e-01   5.3540174e-01   4.8309200e-01   2.9969375e-01   3.2009787e-01   4.8731876e-01   6.4119446e-01   4.4272155e-01   5.6950766e-01   4.6698225e-01   4.9811283e-01
   5.8168910e-01   5.7625939e-01   5.1327158e-01   3.5832130e-01   6.0150222e-01   5.0521253e-01   9.6603257e-02   6.2192716e-01   3.7830273e-01   3.3023257e-01   4.9699248e-01   5.1327158e-01   4.3538834e-01   3.9743248e-01   4.7871562e-01   5.5432338e-01   3.7830273e-01   9.6603257e-02
   5.6593359e-01   4.9554357e-01   4.6979890e-01   4.7869455e-01   7.4552570e-01   5.4081456e-01   4.0640121e-01   6.1859364e-01   3.1607712e-01   2.8559611e-01   4.4070008e-01   3.2941984e-01   3.2941984e-01   4.5544981e-01   5.1819317e-01   4.6040692e-01   5.0801102e-01   9.6603257e-02
   4.4739169e-01   4.2789078e-01   3.3786291e-01   3.3786291e-01   6.2921454e-01   4.3245879e-01   9.6603257e-02   7.3873531e-01   4.5543120e-01   4.5581090e-01   3.1056743e-01   2.6157109e-01   3.6540238e-01   5.2239833e-01   4.2544524e-01   4.5470801e-01   4.0237404e-01   9.6603257e-02
   6.3125116e-01   6.2339424e-01   5.0821433e-01   4.7018674e-01   5.0440610e-01   6.3138389e-01   5.1105609e-01   6.1837066e-01   5.0821433e-01   3.2715691e-01   5.9408336e-01   4.3960217e-01   5.2734351e-01   4.8667882e-01   5.4714219e-01   5.9037784e-01   3.4912670e-01   9.6603257e-02
   6.6545384e-01   4.7246066e-01   2.8041077e-01   3.2686322e-01   5.8249460e-01   4.9863795e-01   9.6603257e-02   6.3115348e-01   3.5302139e-01   4.1943952e-01   3.2950249e-01   2.9948788e-01   3.7932943e-01   4.3334204e-01   3.9150562e-01   5.9793307e-01   4.4073221e-01   3.8457009e-01
   6.8907291e-01   6.9573932e-01   5.3855835e-01   5.5834991e-01   6.7253111e-01   6.1842073e-01   2.7342395e-01   6.5807171e-01   5.5823271e-01   4.9534746e-01   4.2529045e-01   5.2944807e-01   4.9379184e-01   6.3322075e-01   5.8027811e-01   6.5649523e-01   5.0906544e-01   4.8923275e-01
   5.6885073e-01   4.9718332e-01   3.5085932e-01   3.7787173e-01   5.7807790e-01   5.2056003e-01   3.1685251e-01   7.3265841e-01   4.7594026e-01   3.2547812e-01   5.2256351e-01   3.1987748e-01   4.6398477e-01   4.1483113e-01   5.3077959e-01   5.6885073e-01   4.7818015e-01   4.0583796e-01
   5.9202986e-01   5.8431064e-01   3.1494216e-01   3.3401248e-01   6.0265698e-01   5.6939136e-01   9.6603257e-02   7.1386943e-01   4.0187749e-01   4.9934069e-01   3.9472162e-01   4.9230857e-01   5.3355722e-01   5.2670929e-01   4.7757902e-01   5.1501194e-01   5.7770218e-01   5.8628204e-01
   5.3582537e-01   5.1670341e-01   3.9905804e-01   3.9905804e-01   5.7600821e-01   5.0781869e-01   9.6603257e-02   7.4655547e-01   5.1082321e-01   5.0268088e-01   3.5258303e-01   3.8364476e-01   5.0854511e-01   6.1005897e-01   4.1961178e-01   5.5230884e-01   5.2965676e-01   2.7927597e-01
   4.1141621e-01   4.5331666e-01   4.6899915e-01   5.2066825e-01   6.9657174e-01   4.8853270e-01   3.0369083e-01   7.4192961e-01   5.4190110e-01   4.9846551e-01   3.3491458e-01   5.0667347e-01   3.2922815e-01   6.0023580e-01   3.6152521e-01   3.9228955e-01   3.7866544e-01   3.2973668e-01
   4.3708900e-01   4.7553623e-01   3.2199289e-01   3.2751352e-01   4.9141154e-01   5.2797175e-01   9.6603257e-02   7.4138658e-01   4.5530077e-01   6.0752286e-01   3.0105172e-01   1.3976952e-01   5.5928160e-01   4.2256307e-01   2.6460091e-01   5.2194664e-01   5.0171629e-01   5.0000459e-01
   4.7401101e-01   4.7280456e-01   2.5927543e-01   3.1625797e-01   4.9211673e-01   5.7768485e-01   3.1237607e-01   7.5591107e-01   3.6468555e-01   4.8836242e-01   3.6721504e-01   1.9430375e-01   5.0776263e-01   5.2543645e-01   3.5749065e-01   5.6066009e-01   4.9945449e-01   9.6603257e-02
   4.7235192e-01   4.7029712e-01   3.2081942e-01   3.0677587e-01   6.6335623e-01   4.8716760e-01   9.6603257e-02   7.3982471e-01   3.3684561e-01   4.9522958e-01   4.2769454e-01   2.8553519e-01   3.7836077e-01   4.5600987e-01   3.9995816e-01   4.7914812e-01   4.3593886e-01   3.0074805e-01
   6.1570681e-01   4.4715987e-01   2.8516736e-01   3.1667776e-01   5.9989758e-01   5.6440794e-01   4.3106289e-01   7.2364122e-01   3.2984873e-01   4.8456420e-01   3.3069587e-01   3.5959509e-01   4.0635096e-01   3.9582214e-01   3.9685569e-01   6.1353609e-01   3.5986073e-01   3.8585666e-01
   4.7273244e-01   4.8001647e-01   3.2787758e-01   3.3388776e-01   5.2961907e-01   4.1566200e-01   9.6603257e-02   7.0774707e-01   3.8318468e-01   4.4018782e-01   3.3723923e-01   2.9467947e-01   3.3865133e-01   4.1693935e-01   4.1702024e-01   4.1079821e-01   4.7056007e-01   4.4018782e-01
   5.9230929e-01   4.6854034e-01   3.3738886e-01   3.1696740e-01   4.7136385e-01   4.7694522e-01   3.0087381e-01   7.1051561e-01   3.4217546e-01   2.9220603e-01   3.2111380e-01   2.8738670e-01   3.7787068e-01   3.7400800e-01   4.4917239e-01   5.3080987e-01   3.6807630e-01   2.9823876e-01
   5.8508854e-01   5.8098489e-01   3.8715769e-01   3.8715769e-01   7.0875898e-01   4.7469935e-01   9.6603257e-02   6.0898684e-01   4.7040527e-01   4.8034972e-01   3.9488491e-01   3.9016083e-01   5.0830578e-01   5.6825587e-01   4.1934647e-01   5.7920691e-01   4.3657695e-01   4.6817070e-01
   4.8090024e-01   4.3184202e-01   2.6151404e-01   2.6151404e-01   5.4914747e-01   5.1144618e-01   9.6603257e-02   7.1703281e-01   9.6603257e-02   5.0909572e-01   4.3289651e-01   3.9025950e-01   5.2077129e-01   4.3649810e-01   3.6169374e-01   5.2553416e-01   3.9292320e-01   3.0028557e-01
   5.1915215e-01   3.8137612e-01   3.0538780e-01   2.8983241e-01   5.4787778e-01   5.5604801e-01   2.7743198e-01   7.3602764e-01   3.4492459e-01   3.9261194e-01   4.1187122e-01   3.2223531e-01   3.9970508e-01   4.3090596e-01   3.7627800e-01   5.3934091e-01   3.9301937e-01   2.8034416e-01
   4.7929418e-01   4.6790750e-01   3.5598420e-01   3.3596469e-01   4.6256195e-01   4.3491604e-01   9.6603257e-02   7.3790742e-01   3.7779419e-01   4.9761706e-01   2.8898888e-01   4.0204174e-01   3.5100246e-01   4.6427546e-01   4.6960565e-01   4.9919737e-01   2.9792462e-01   1.5775240e-01
   6.7678071e-01   5.0795486e-01   3.0144695e-01   2.8945676e-01   5.2126714e-01   5.0000000e-01   3.2787758e-01   5.6655893e-01   3.7039940e-01   2.8945676e-01   2.6050336e-01   4.2712070e-01   4.3178975e-01   4.0096442e-01   5.0795805e-01   6.5208418e-01   3.6979155e-01   9.6603257e-02
   5.9520195e-01   5.0082925e-01   3.1892323e-01   3.2163798e-01   5.8074497e-01   5.0666956e-01   9.6603257e-02   5.5393231e-01   3.5933908e-01   5.0515938e-01   3.1910762e-01   3.1892323e-01   3.7602942e-01   5.5566826e-01   3.8089325e-01   6.1426494e-01   3.4140067e-01   3.4338292e-01
   5.0767106e-01   4.4835708e-01   3.6356077e-01   3.5154712e-01   5.5363184e-01   6.2339424e-01   9.6603257e-02   7.4206915e-01   4.1273083e-01   3.1275228e-01   3.1863557e-01   3.7805360e-01   4.4835708e-01   4.0197482e-01   3.8697220e-01   5.3881975e-01   3.7581982e-01   3.6637358e-01
   5.3417358e-01   5.2070582e-01   4.4152160e-01   4.1336734e-01   5.9746117e-01   5.8086475e-01   9.6603257e-02   7.5636030e-01   4.9328413e-01   3.7026505e-01   2.9454834e-01   3.1106074e-01   5.7583476e-01   5.8341036e-01   4.7636460e-01   5.8285852e-01   5.0385868e-01   2.8439874e-01
   4.0963668e-01   4.3015658e-01   4.2843025e-01   4.2843025e-01   6.2668805e-01   5.4076627e-01   9.6603257e-02   7.4063515e-01   3.2443949e-01   5.7365740e-01   4.9550288e-01   3.6484240e-01   5.2667874e-01   7.3623912e-01   3.9261194e-01   5.3213230e-01   5.1357424e-01   4.7982085e-01
   5.6320482e-01   4.6758329e-01   5.5534259e-01   5.1105609e-01   5.9425258e-01   5.3632958e-01   3.2715691e-01   7.5243430e-01   5.2432646e-01   2.8891236e-01   6.1897363e-01   5.5534259e-01   6.0603618e-01   5.0821433e-01   4.4028866e-01   5.9343386e-01   3.4912670e-01   4.4966402e-01
   6.5126441e-01   5.8449411e-01   3.2840641e-01   3.4201498e-01   6.0321547e-01   5.9395699e-01   4.1862013e-01   5.7271911e-01   4.4737946e-01   4.9274020e-01   4.4721140e-01   3.4352610e-01   4.8473475e-01   3.6221443e-01   5.5954504e-01   6.0602090e-01   4.2380104e-01   3.6799163e-01
   6.1749088e-01   5.0328192e-01   3.4938960e-01   3.2938487e-01   5.3749925e-01   5.2345910e-01   9.6603257e-02   6.0471538e-01   3.9531951e-01   3.8661808e-01   3.4946379e-01   3.0798397e-01   3.7405752e-01   3.7092941e-01   4.6854034e-01   5.9273986e-01   3.4732978e-01   2.9535795e-01
   6.1943346e-01   5.7711496e-01   5.3946483e-01   5.7346204e-01   7.4180155e-01   5.2776936e-01   4.9293670e-01   5.9029166e-01   5.1626160e-01   4.7676781e-01   3.6954484e-01   5.1642394e-01   3.4768789e-01   5.4378240e-01   5.0958723e-01   6.0041920e-01   3.6232762e-01   3.8050563e-01
   4.6557752e-01   6.1314815e-01   4.7989079e-01   4.7989079e-01   6.8899786e-01   4.9406464e-01   9.6603257e-02   6.6920965e-01   4.9819061e-01   3.1422802e-01   2.5215459e-01   9.6603257e-02   4.3392579e-01   5.3212625e-01   5.4398663e-01   5.0000000e-01   4.9120484e-01   3.1422802e-01
   5.3302308e-01   4.7190249e-01   3.2393584e-01   3.4439358e-01   5.6373882e-01   4.8743939e-01   2.7550734e-01   6.8254360e-01   4.0003012e-01   3.5451273e-01   3.5096575e-01   3.0043440e-01   3.7097488e-01   4.2518415e-01   4.2153435e-01   5.4776156e-01   3.2383668e-01   3.3814334e-01
   3.4990138e-01   3.4990138e-01   3.4594287e-01   3.1569916e-01   5.1791570e-01   6.3641292e-01   9.6603257e-02   7.4339381e-01   4.2273383e-01   5.3082395e-01   3.5160860e-01   5.3082395e-01   5.3082395e-01   4.6222746e-01   3.4990138e-01   5.6004135e-01   5.3082395e-01   9.6603257e-02
   5.2223210e-01   4.3305814e-01   2.8945676e-01   3.0650486e-01   5.7588887e-01   5.6329502e-01   9.6603257e-02   7.3664483e-01   3.5039257e-01   2.7851558e-01   3.1289854e-01   3.1289854e-01   4.4018782e-01   5.5433768e-01   5.4675871e-01   4.3408022e-01   4.1194448e-01   3.0441670e-01
   5.8811934e-01   6.1314815e-01   6.2219695e-01   5.1701185e-01   5.8621907e-01   6.7621946e-01   4.4176491e-01   6.1500299e-01   5.5767213e-01   5.1297262e-01   3.8418163e-01   4.8081592e-01   4.4888002e-01   3.8327055e-01   4.9284588e-01   5.4582814e-01   4.0945398e-01   9.6603257e-02
   4.0413235e-01   5.7621666e-01   9.6603257e-02   5.3855835e-01   4.4993469e-01   4.3538834e-01   9.6603257e-02   7.4370027e-01   3.5832130e-01   3.6802431e-01   3.9743248e-01   5.3855835e-01   4.6522401e-01   6.1924447e-01   3.9743248e-01   5.1055108e-01   3.1604014e-01   9.6603257e-02
   6.1831024e-01   6.5300837e-01   4.8640983e-01   5.0582396e-01   6.2783002e-01   5.8598373e-01   3.4066627e-01   5.9712890e-01   5.9744891e-01   4.2611696e-01   4.2611696e-01   4.5042029e-01   4.8307571e-01   4.8563807e-01   5.1239483e-01   5.8715921e-01   3.0360266e-01   3.2516180e-01
   7.2030598e-01   6.1676415e-01   3.5244095e-01   3.6288419e-01   5.4049556e-01   5.9404020e-01   9.6603257e-02   6.0318539e-01   4.7709389e-01   4.2705290e-01   4.2002143e-01   3.4927803e-01   4.9488575e-01   4.1946534e-01   5.6105889e-01   5.8825855e-01   4.6332189e-01   4.6809286e-01
   5.3079973e-01   5.3667497e-01   4.1005069e-01   4.3342906e-01   5.6824231e-01   4.8796831e-01   9.6603257e-02   7.3697002e-01   4.3020665e-01   2.9060758e-01   3.2570139e-01   3.7558589e-01   3.4618175e-01   3.9933308e-01   4.1824198e-01   4.4354198e-01   3.8294804e-01   3.2344396e-01
   4.6481893e-01   4.3295510e-01   3.2217505e-01   3.1304138e-01   5.3600725e-01   4.7617801e-01   3.0581528e-01   6.9939699e-01   3.8888398e-01   4.0114856e-01   4.1273214e-01   2.9560234e-01   4.5783373e-01   4.0460805e-01   4.3997213e-01   6.1873649e-01   3.1695434e-01   2.8229046e-01
   4.8180252e-01   5.1179806e-01   4.1262494e-01   4.2411543e-01   6.0145710e-01   4.7296378e-01   9.6603257e-02   6.9000477e-01   4.1292837e-01   3.8009867e-01   2.9042021e-01   4.1609282e-01   4.2143597e-01   4.6756195e-01   4.9620801e-01   5.3539973e-01   3.6039289e-01   2.7773006e-01
   3.8983617e-01   5.3719573e-01   5.1049216e-01   5.1034157e-01   5.7626889e-01   4.6333906e-01   9.6603257e-02   7.0055066e-01   4.7921204e-01   5.0327193e-01   3.5096771e-01   5.1329977e-01   4.6128313e-01   5.4679266e-01   3.7832121e-01   4.7081939e-01   4.2295539e-01   3.5414411e-01
   6.4597154e-01   6.2658594e-01   3.5000303e-01   3.4323806e-01   4.9992952e-01   3.6231737e-01   4.3230788e-01   6.7554193e-01   4.3443029e-01   2.8168502e-01   4.5399743e-01   4.3230788e-01   3.5790740e-01   4.8982509e-01   5.3520792e-01   4.4502822e-01   4.2809435e-01   3.1820236e-01
   6.6767405e-01   5.2581525e-01   4.4584157e-01   3.6512619e-01   6.7392956e-01   5.5433768e-01   9.6603257e-02   5.8071045e-01   3.7223342e-01   4.9834472e-01   3.6141860e-01   3.9673882e-01   5.1705260e-01   3.9001953e-01   5.0931042e-01   6.0337095e-01   5.2416662e-01   9.6603257e-02
   5.1148234e-01   5.3908819e-01   4.9297541e-01   4.7321119e-01   5.6253501e-01   4.7538563e-01   9.6603257e-02   7.4231133e-01   4.6115125e-01   4.0048039e-01   3.6422344e-01   5.2539243e-01   4.8222605e-01   5.9507481e-01   4.5530537e-01   5.4197959e-01   5.0927984e-01   3.2675820e-01
   4.1907400e-01   3.6047808e-01   4.9717621e-01   2.6607421e-01   5.9418668e-01   6.4352926e-01   3.3132724e-01   7.4238700e-01   3.0126188e-01   3.1873886e-01   4.3845574e-01   3.6776239e-01   4.5569851e-01   3.3778880e-01   3.7255262e-01   6.0065376e-01   4.2856545e-01   3.0842122e-01
   6.1663075e-01   5.5433768e-01   5.0695098e-01   5.0695098e-01   4.4769730e-01   5.6054801e-01   9.6603257e-02   5.4520037e-01   3.4754381e-01   6.2000376e-01   4.8669302e-01   5.0695098e-01   4.8729039e-01   3.6347175e-01   7.4601637e-01   6.3199997e-01   3.4767909e-01   3.2143083e-01
   5.7556492e-01   4.3326022e-01   3.4653487e-01   2.7647585e-01   5.4942346e-01   5.6886736e-01   3.4473293e-01   7.4282815e-01   3.8067773e-01   3.0387074e-01   2.8916064e-01   3.0996648e-01   3.8189901e-01   4.2360907e-01   3.3298025e-01   5.5898965e-01   4.6039077e-01   3.4653487e-01
   6.4224041e-01   5.2917606e-01   3.6856452e-01   3.5637929e-01   5.7753843e-01   5.0482781e-01   2.8067211e-01   6.3807681e-01   4.0129426e-01   2.9268910e-01   3.7684167e-01   4.8737233e-01   3.7590082e-01   4.1170912e-01   5.1366483e-01   5.4503319e-01   4.3753742e-01   3.2220223e-01
   5.0962431e-01   3.3286124e-01   4.0940112e-01   4.0327592e-01   7.1608059e-01   5.5062431e-01   4.2685549e-01   6.2473372e-01   5.0475991e-01   5.1526297e-01   4.7345542e-01   3.7421644e-01   4.7345542e-01   3.8948654e-01   3.0162163e-01   5.3145966e-01   9.6603257e-02   2.5215459e-01
   5.4764276e-01   4.9241687e-01   3.4026625e-01   3.4449776e-01   4.5675968e-01   5.4256763e-01   3.3202317e-01   7.3375530e-01   3.5558525e-01   3.0596173e-01   3.5035694e-01   2.8545681e-01   4.0905555e-01   3.7168555e-01   4.0814247e-01   5.6745715e-01   3.8902724e-01   3.6351441e-01
   4.4927937e-01   4.1918766e-01   3.5959682e-01   3.0980031e-01   5.2716374e-01   4.9358281e-01   3.7557730e-01   7.0810056e-01   3.5784788e-01   3.5339911e-01   4.3493741e-01   3.3754299e-01   4.2323437e-01   4.2677244e-01   4.5865738e-01   5.7478206e-01   4.1165879e-01   3.9105649e-01
   5.5871999e-01   4.9787277e-01   3.2788532e-01   3.4466131e-01   5.1984514e-01   5.0399135e-01   3.3299458e-01   7.2180132e-01   3.7269394e-01   3.4765850e-01   3.4092592e-01   3.0774849e-01   3.8593424e-01   4.5411824e-01   4.1286503e-01   5.4770116e-01   4.9124334e-01   3.1070763e-01
   5.0363692e-01   5.1906140e-01   3.8467679e-01   3.8003997e-01   6.0171429e-01   5.1703608e-01   5.0414839e-01   6.7995849e-01   3.8667288e-01   3.0517096e-01   4.4615865e-01   3.2695686e-01   4.6372755e-01   3.8669844e-01   4.2280601e-01   5.2956643e-01   4.5538642e-01   2.6982440e-01
   4.5350148e-01   4.4054074e-01   4.2887409e-01   4.2887409e-01   4.8630820e-01   5.7327260e-01   9.6603257e-02   7.4311438e-01   4.5999765e-01   5.0164745e-01   4.7736899e-01   9.6603257e-02   5.7078097e-01   5.8921525e-01   3.5537848e-01   7.3118379e-01   4.4485269e-01   9.6603257e-02
   5.3797904e-01   5.0257503e-01   4.7598395e-01   3.0934368e-01   5.8220690e-01   5.0590483e-01   3.6759352e-01   7.1662603e-01   3.4629209e-01   4.9711719e-01   3.3091919e-01   3.8954504e-01   4.3318871e-01   3.9720669e-01   4.2456628e-01   4.9778282e-01   3.6100471e-01   2.9678123e-01
   6.0103903e-01   4.5827467e-01   3.4826816e-01   3.5204026e-01   5.5574136e-01   5.0093063e-01   9.6603257e-02   5.8935982e-01   3.6027128e-01   4.9818874e-01   3.3038262e-01   2.9996485e-01   3.9575860e-01   4.1899336e-01   2.9988598e-01   6.9307252e-01   3.1467574e-01   2.8908801e-01
   6.8085178e-01   5.5924242e-01   3.0040062e-01   3.1561912e-01   5.1799075e-01   5.3704161e-01   9.6603257e-02   6.5862965e-01   3.5694167e-01   4.3733792e-01   3.8392250e-01   2.8208090e-01   4.4492315e-01   4.2165649e-01   5.1099288e-01   6.3340022e-01   4.1855220e-01   3.2437241e-01
   7.3544225e-01   6.5017748e-01   3.9324758e-01   3.8276461e-01   4.4779036e-01   4.4811588e-01   9.6603257e-02   6.0289309e-01   4.5101698e-01   4.9768429e-01   3.6320517e-01   3.0844250e-01   4.2974888e-01   3.9887962e-01   5.8725647e-01   6.6057290e-01   4.1618714e-01   3.0844250e-01
   5.5187594e-01   4.9377854e-01   2.8913271e-01   2.8913271e-01   4.6993817e-01   5.3703716e-01   9.6603257e-02   7.2909235e-01   3.9575860e-01   4.3533031e-01   4.0431660e-01   3.6428465e-01   3.9759346e-01   5.2144987e-01   4.5510027e-01   5.1297661e-01   3.3825018e-01   3.2190794e-01
   6.1581665e-01   5.0255899e-01   3.3020026e-01   3.5126329e-01   5.2902573e-01   4.5162511e-01   4.9443506e-01   5.9616424e-01   3.7860957e-01   4.2057079e-01   3.3374480e-01   3.0932257e-01   3.5967363e-01   3.9064909e-01   4.8675749e-01   5.4783755e-01   3.2191360e-01   2.9402720e-01
   7.4365377e-01   7.0265961e-01   4.3832046e-01   5.5552864e-01   6.7930680e-01   6.9189715e-01   9.6603257e-02   7.0253961e-01   5.6366576e-01   4.9842487e-01   5.0782633e-01   3.2265545e-01   5.5552864e-01   5.8593585e-01   6.1886258e-01   7.0958173e-01   4.8066721e-01   4.9842487e-01
   5.6628385e-01   4.5228809e-01   3.2711233e-01   3.4022084e-01   6.1753701e-01   4.1863142e-01   2.9374889e-01   5.4990803e-01   3.9737583e-01   3.7807509e-01   4.1393324e-01   3.1651159e-01   3.4333578e-01   3.7654230e-01   4.6847909e-01   4.9369971e-01   3.3084688e-01   3.0245042e-01
   4.7244471e-01   3.7955889e-01   4.5455150e-01   4.3798073e-01   6.2069201e-01   5.8162531e-01   5.0258844e-01   7.4997727e-01   4.0796253e-01   4.9609694e-01   4.1423020e-01   3.6458211e-01   4.8902473e-01   5.8493782e-01   4.7647171e-01   5.4695247e-01   3.1985794e-01   2.9224661e-01
   5.2497282e-01   4.5214686e-01   4.8138913e-01   3.1812261e-01   5.4673895e-01   5.0489485e-01   5.5978474e-01   6.7541716e-01   4.3603802e-01   4.3398158e-01   4.3376568e-01   3.1614118e-01   4.3517937e-01   3.7217699e-01   5.1054112e-01   5.3494739e-01   4.3393412e-01   3.2850536e-01
   5.3459689e-01   5.6339351e-01   5.0459220e-01   3.4483474e-01   5.6112332e-01   4.9530496e-01   4.2541209e-01   7.1848421e-01   4.1350757e-01   5.0334210e-01   3.1855243e-01   4.3647212e-01   4.4023884e-01   4.5334362e-01   4.4636026e-01   4.7575924e-01   4.8601946e-01   4.0648860e-01
   6.2118135e-01   5.5312898e-01   3.8414678e-01   3.8087859e-01   6.4672614e-01   5.4126385e-01   3.0315406e-01   6.0267497e-01   5.1367465e-01   3.5804259e-01   5.1409081e-01   3.5326213e-01   3.9318159e-01   4.3139324e-01   5.7870501e-01   5.5755877e-01   3.5936812e-01   4.9390135e-01
   6.4069173e-01   6.0764555e-01   3.3394973e-01   4.0692277e-01   5.6685395e-01   4.0014947e-01   3.1598801e-01   6.0795307e-01   4.0014947e-01   5.0306529e-01   3.3960462e-01   3.7748346e-01   4.2205740e-01   4.9882147e-01   5.8459791e-01   5.4256082e-01   4.9578983e-01   3.4745917e-01
   5.0386604e-01   5.6265746e-01   4.5776476e-01   3.8234973e-01   5.7816935e-01   5.1054655e-01   2.7352993e-01   6.6904635e-01   4.8299309e-01   3.0947985e-01   3.1384640e-01   3.1571739e-01   3.9799831e-01   4.3490995e-01   4.2398354e-01   5.7956168e-01   3.2594654e-01   9.6603257e-02
   4.9879530e-01   4.2868247e-01   2.9132379e-01   3.0533293e-01   6.3167430e-01   4.1948946e-01   2.6646431e-01   6.8290785e-01   3.6624441e-01   3.0303632e-01   3.2248796e-01   2.9337665e-01   3.2572222e-01   4.7188717e-01   3.7861479e-01   4.7209465e-01   3.2657243e-01   2.9384441e-01
   4.1267285e-01   3.6134413e-01   3.2553902e-01   3.1465590e-01   4.4918472e-01   4.5764863e-01   2.8732737e-01   6.0782302e-01   3.3291558e-01   2.8786918e-01   3.5674084e-01   2.9357396e-01   3.7918940e-01   3.8303465e-01   3.9789571e-01   4.9296082e-01   3.0461798e-01   2.8710708e-01
   3.8334111e-01   4.2033766e-01   3.4931866e-01   3.4353938e-01   6.1051458e-01   4.5427648e-01   5.2818215e-01   7.0724639e-01   3.5762676e-01   9.6603257e-02   3.4573175e-01   3.2555538e-01   2.8975630e-01   3.6290047e-01   3.1836996e-01   3.7267408e-01   4.1823571e-01   3.1378081e-01
   4.1781461e-01   3.6742895e-01   2.9368411e-01   3.3066221e-01   5.5330209e-01   3.9000754e-01   2.7629981e-01   6.8172225e-01   3.4405589e-01   2.6848322e-01   3.3978113e-01   2.9624308e-01   3.2276934e-01   4.3381792e-01   3.5237720e-01   4.4762441e-01   3.0969982e-01   2.8159175e-01
   3.4048217e-01   3.4556765e-01   9.6603257e-02   3.9719817e-01   4.8372590e-01   5.0192372e-01   9.6603257e-02   7.2892127e-01   3.5997840e-01   3.0947985e-01   3.6200781e-01   4.9842487e-01   4.6473366e-01   4.3255394e-01   2.7608965e-01   5.6540500e-01   4.0558712e-01   2.7565081e-01
   3.7024629e-01   3.7880723e-01   3.4334782e-01   3.7880723e-01   4.4529965e-01   4.2507711e-01   3.1719878e-01   6.9549677e-01   3.4334782e-01   9.6603257e-02   3.0431368e-01   3.4011259e-01   3.3426704e-01   4.8083202e-01   3.2055762e-01   4.8754816e-01   3.7996803e-01   2.6462838e-01
   4.1989963e-01   3.8868786e-01   2.5215459e-01   3.1604014e-01   3.3498709e-01   4.9779177e-01   4.5574759e-01   5.9945501e-01   2.5215459e-01   4.1282607e-01   2.9678123e-01   3.3394113e-01   5.4675834e-01   3.7660576e-01   2.7430343e-01   3.9874354e-01   4.8765882e-01   5.1327158e-01
   4.0923365e-01   4.0725319e-01   3.5373019e-01   4.2958362e-01   6.3561713e-01   4.9442110e-01   5.1105609e-01   7.5669407e-01   5.4844483e-01   9.6603257e-02   3.2715691e-01   3.5373019e-01   5.1105609e-01   6.3086040e-01   2.7409377e-01   3.9362204e-01   3.6100170e-01   4.6528458e-01
   4.8002883e-01   5.1217490e-01   3.7626674e-01   3.8727830e-01   6.3508596e-01   4.4779880e-01   4.4100785e-01   5.3494005e-01   4.3552381e-01   3.5815248e-01   2.8490732e-01   3.0001303e-01   3.9082578e-01   4.3931394e-01   3.8498608e-01   4.8820581e-01   2.9021864e-01   2.7114135e-01
   4.1862286e-01   3.8438431e-01   5.1131241e-01   3.6461775e-01   5.8386756e-01   4.5231793e-01   4.6580383e-01   7.3177023e-01   3.5511503e-01   9.6603257e-02   2.9435390e-01   3.1240886e-01   2.8918178e-01   4.7235192e-01   3.4239749e-01   4.7218349e-01   5.1131241e-01   9.6603257e-02
   3.8235222e-01   3.6570421e-01   3.2596433e-01   3.2445389e-01   4.5252203e-01   3.9795850e-01   3.3380570e-01   7.1895097e-01   3.1351638e-01   2.7748301e-01   3.1831948e-01   2.7505132e-01   3.2644467e-01   4.6637761e-01   3.4129528e-01   4.2103763e-01   3.6254149e-01   3.2107304e-01
   3.7036481e-01   3.0970218e-01   2.6627301e-01   2.5709794e-01   5.1964290e-01   4.5244794e-01   3.4603470e-01   7.0764224e-01   3.2419673e-01   3.0578046e-01   2.6507808e-01   2.8351433e-01   3.6291450e-01   3.9540285e-01   3.3564590e-01   4.4145381e-01   3.2978089e-01   2.8864191e-01
   4.7984823e-01   4.1653041e-01   3.0093519e-01   2.8013346e-01   5.5287758e-01   4.5004765e-01   3.7735393e-01   7.4208800e-01   3.1786646e-01   2.7683969e-01   3.6339213e-01   2.8128663e-01   3.8799440e-01   4.5441184e-01   3.8511301e-01   5.4248328e-01   4.2189834e-01   4.1761670e-01
   2.9425297e-01   3.6785956e-01   2.9853756e-01   3.5273798e-01   6.7267979e-01   4.2421837e-01   4.7337133e-01   7.5891410e-01   3.7554878e-01   9.6603257e-02   3.0278193e-01   2.8861074e-01   4.7337133e-01   5.4774130e-01   3.3113015e-01   3.3739217e-01   5.1075211e-01   5.0327193e-01
   4.7615258e-01   4.9897728e-01   3.3270147e-01   3.9035784e-01   4.8335076e-01   4.2794851e-01   2.6644231e-01   7.1478019e-01   4.2008788e-01   4.1556678e-01   3.1986978e-01   2.9749455e-01   3.5449364e-01   4.7190819e-01   3.7216532e-01   4.2052569e-01   3.1728403e-01   2.9056552e-01
   4.0175792e-01   4.0551241e-01   3.7438974e-01   3.7874031e-01   6.0104390e-01   5.7149650e-01   5.0570797e-01   6.7591183e-01   3.7438974e-01   9.6603257e-02   3.4780902e-01   3.2319521e-01   4.2841859e-01   4.0551241e-01   3.5099192e-01   5.8902799e-01   4.5373571e-01   2.7363321e-01
   4.0807892e-01   3.5613754e-01   3.1660251e-01   3.4878063e-01   5.3729406e-01   4.0424548e-01   2.8636125e-01   5.3085902e-01   3.5115685e-01   2.7714425e-01   2.9715842e-01   3.3454365e-01   3.1713833e-01   3.4990138e-01   3.4195217e-01   3.4241855e-01   3.3705354e-01   2.7999877e-01
   3.9414059e-01   4.1776151e-01   3.1567705e-01   3.4751451e-01   5.3539602e-01   4.3104660e-01   3.4177708e-01   7.2418972e-01   3.4299329e-01   3.1649622e-01   3.2829991e-01   3.0052157e-01   3.3939366e-01   4.3696098e-01   3.6581566e-01   4.3585189e-01   3.2820742e-01   2.9436482e-01
   3.7418873e-01   3.5698971e-01   2.9633927e-01   3.2407845e-01   6.8267467e-01   4.2805937e-01   4.1719129e-01   6.4257420e-01   3.2619164e-01   4.6544147e-01   3.6624772e-01   3.1327705e-01   3.3540000e-01   4.1921345e-01   3.0785126e-01   3.8292055e-01   3.4639451e-01   3.6922066e-01
   5.2953407e-01   4.4822873e-01   3.2868213e-01   3.5131892e-01   6.2682145e-01   4.3660412e-01   2.7819530e-01   6.3498920e-01   3.6559288e-01   2.9128371e-01   3.5378623e-01   3.0574700e-01   3.3741947e-01   4.5974991e-01   3.9548903e-01   4.9622173e-01   3.2829507e-01   2.7490540e-01
   2.1325150e-01   4.1516684e-01   9.6603257e-02   3.3335004e-01   5.7324544e-01   3.9874778e-01   9.6603257e-02   6.9859671e-01   9.6603257e-02   5.1938506e-01   2.5215459e-01   3.3867706e-01   3.5176859e-01   3.9187241e-01   3.7842719e-01   3.3335004e-01   3.3335004e-01   3.2677605e-01
   4.0377482e-01   3.9560405e-01   3.6529624e-01   3.2134133e-01   6.1048101e-01   4.8092555e-01   2.6746125e-01   7.3585858e-01   3.4073029e-01   2.9541998e-01   2.8441086e-01   3.1580347e-01   3.8321485e-01   5.1453527e-01   3.6140144e-01   5.0656351e-01   3.7461988e-01   2.9130733e-01
   5.9230929e-01   4.6854034e-01   3.3738886e-01   3.1696740e-01   4.7136385e-01   4.7694522e-01   3.0087381e-01   7.1051561e-01   3.4217546e-01   2.9220603e-01   3.2111380e-01   2.8738670e-01   3.7787068e-01   3.7400800e-01   4.4917239e-01   5.3080987e-01   3.6807630e-01   2.9823876e-01
   3.8397818e-01   3.4990138e-01   3.0387144e-01   3.2692824e-01   5.2369107e-01   4.5939582e-01   3.0844250e-01   5.6252770e-01   3.5306432e-01   2.9353735e-01   3.4707340e-01   3.1621001e-01   3.5075299e-01   4.4291894e-01   3.7811866e-01   4.7733197e-01   3.0794041e-01   3.1864838e-01
   4.3321726e-01   4.1616181e-01   3.0262679e-01   3.0417572e-01   5.2382823e-01   4.5811363e-01   3.5534121e-01   7.1192105e-01   3.5330685e-01   3.2653619e-01   3.5389378e-01   2.8559611e-01   3.8984859e-01   3.6618499e-01   4.1416715e-01   5.2684162e-01   3.2463199e-01   3.6033014e-01
   4.2734924e-01   4.0789137e-01   3.0150592e-01   3.3022083e-01   6.7585418e-01   3.9001953e-01   3.2240188e-01   6.9135403e-01   3.3646520e-01   3.2066215e-01   2.9904057e-01   3.4366960e-01   3.7328323e-01   5.5222051e-01   3.3609532e-01   4.3665127e-01   3.4279212e-01   2.7845962e-01
   2.6093053e-01   2.7460259e-01   2.0551933e-01   2.5799460e-01   5.7027309e-01   3.7723978e-01   5.0315690e-01   7.4138359e-01   3.3894034e-01   9.6603257e-02   2.6438707e-01   2.7329641e-01   4.7912141e-01   6.1816832e-01   2.7699628e-01   3.7653072e-01   4.7403151e-01   5.0118660e-01
   5.5797423e-01   3.8232653e-01   3.1598801e-01   3.0956954e-01   6.4410571e-01   3.9934624e-01   5.0306529e-01   4.5068984e-01   3.1915757e-01   3.0651762e-01   2.8050260e-01   3.1598801e-01   3.6654185e-01   3.7660576e-01   4.4526007e-01   5.3045141e-01   3.8515298e-01   2.7174057e-01
   3.6019767e-01   3.9934624e-01   3.5615908e-01   3.6385546e-01   4.9885124e-01   4.8391961e-01   3.2009236e-01   6.7370694e-01   3.0968726e-01   9.6603257e-02   3.5222949e-01   2.5215459e-01   3.9592833e-01   3.5984869e-01   3.7408835e-01   5.3102675e-01   2.8738439e-01   9.6603257e-02
   3.1323084e-01   3.2359886e-01   2.7226854e-01   3.2674919e-01   4.9660183e-01   3.9870627e-01   2.5215459e-01   6.2739515e-01   3.5330502e-01   4.9758386e-01   3.0761611e-01   3.1649813e-01   3.5536432e-01   4.1858128e-01   3.4391285e-01   3.8866909e-01   3.4122147e-01   2.7514630e-01
   2.9140207e-01   3.8866909e-01   3.1717796e-01   3.1717796e-01   6.2020224e-01   2.7645039e-01   5.1389477e-01   6.6260057e-01   3.0134698e-01   3.2441433e-01   3.0134698e-01   2.9187566e-01   3.7660576e-01   3.8420533e-01   3.0030234e-01   2.7121056e-01   3.5605221e-01   3.2441433e-01
   3.0555180e-01   3.6763349e-01   2.7624754e-01   3.0171677e-01   4.8452676e-01   3.8313900e-01   3.5241458e-01   7.0003312e-01   3.2822924e-01   9.6603257e-02   2.6432353e-01   4.2739941e-01   4.1305187e-01   4.5388641e-01   3.7311616e-01   4.6417463e-01   2.7418930e-01   1.5775240e-01
   4.5080204e-01   3.9935692e-01   3.2362634e-01   3.2362634e-01   5.2229000e-01   5.1173339e-01   4.3494162e-01   7.3685424e-01   3.1106074e-01   9.6603257e-02   3.9497519e-01   3.1401963e-01   3.6347175e-01   5.1168285e-01   3.1401963e-01   5.4356083e-01   3.6672416e-01   9.6603257e-02
   4.9098218e-01   4.4381995e-01   2.5215459e-01   3.1720175e-01   3.7265656e-01   4.4007978e-01   2.8194638e-01   6.6075898e-01   3.4409584e-01   3.0593953e-01   3.2358558e-01   2.5799460e-01   3.8439772e-01   3.2535405e-01   3.4113131e-01   5.1190897e-01   4.5487084e-01   5.0214413e-01
   4.3719013e-01   4.0004598e-01   9.6603257e-02   2.7430343e-01   5.8052791e-01   4.4915337e-01   9.6603257e-02   7.4028053e-01   2.6372123e-01   3.5832130e-01   3.5832130e-01   4.4915337e-01   5.1036809e-01   5.6320482e-01   4.4993469e-01   4.3538834e-01   3.4990138e-01   9.6603257e-02
   4.5132348e-01   4.5008540e-01   3.1275833e-01   3.4050099e-01   5.4400343e-01   4.4427723e-01   2.5927543e-01   5.7954684e-01   3.6934093e-01   2.7628649e-01   3.5245112e-01   3.2900500e-01   3.5719512e-01   3.2943802e-01   4.2390714e-01   4.1733184e-01   3.1693737e-01   3.1557529e-01
   3.9593691e-01   3.6115238e-01   3.3430487e-01   3.3214608e-01   4.5190857e-01   3.8847434e-01   2.6453250e-01   5.4270140e-01   3.3598740e-01   3.6585978e-01   2.7542701e-01   3.2661814e-01   3.3813965e-01   3.3195959e-01   3.3354261e-01   3.2913616e-01   3.1290183e-01   2.9446955e-01
   4.2841198e-01   4.1850941e-01   5.1651041e-01   4.0389577e-01   6.2812441e-01   3.9412778e-01   3.0893846e-01   7.2970489e-01   4.6609423e-01   2.7495230e-01   3.1316011e-01   9.6603257e-02   3.4934427e-01   5.4385893e-01   4.1936115e-01   4.5693629e-01   3.5572065e-01   3.2143083e-01
   5.0644592e-01   3.9186358e-01   3.0086415e-01   3.0086415e-01   4.2061199e-01   4.2587836e-01   9.6603257e-02   6.9038720e-01   3.2925050e-01   3.4545818e-01   3.6387471e-01   3.0086415e-01   3.2925050e-01   4.4566232e-01   3.9543285e-01   4.2587836e-01   4.5683795e-01   3.0086415e-01
   4.2467283e-01   4.2094334e-01   3.5666581e-01   2.9663178e-01   5.2758804e-01   4.1862606e-01   3.0863540e-01   6.4218536e-01   4.0462779e-01   3.8332125e-01   3.6994356e-01   3.6077380e-01   3.4581859e-01   4.2299067e-01   3.8677949e-01   3.9970315e-01   3.4795203e-01   3.0953459e-01
   3.7603055e-01   4.0268723e-01   3.0296425e-01   3.4990138e-01   6.1524763e-01   4.2878703e-01   3.1820236e-01   5.4655983e-01   3.7979569e-01   9.6603257e-02   3.0596611e-01   3.1269535e-01   3.8373782e-01   3.8369944e-01   4.4762441e-01   4.1609282e-01   9.6603257e-02   5.0464430e-01
   5.0221743e-01   4.3559206e-01   3.3014924e-01   3.3856975e-01   4.8016733e-01   5.1496117e-01   3.1870498e-01   7.0520339e-01   3.4134492e-01   2.8829786e-01   3.1983000e-01   2.7256916e-01   3.6488427e-01   3.8019190e-01   3.9139931e-01   5.2023589e-01   3.4503800e-01   3.0495789e-01
   3.8011171e-01   3.8925890e-01   2.9454834e-01   3.1760077e-01   6.6599243e-01   4.4131520e-01   3.0182215e-01   7.3336410e-01   3.4754381e-01   4.1116214e-01   2.8903542e-01   3.4535522e-01   3.6848114e-01   5.7913228e-01   3.7636088e-01   4.0143612e-01   3.0448078e-01   3.1854603e-01
   5.0582134e-01   4.4236050e-01   2.8360048e-01   3.4785289e-01   5.5328003e-01   4.0226389e-01   2.6548214e-01   6.0667740e-01   3.5390769e-01   2.8651830e-01   3.3244956e-01   3.1512208e-01   3.0926463e-01   4.6611167e-01   3.8862251e-01   4.7627184e-01   3.1591147e-01   3.0337596e-01
   5.2587434e-01   5.0204460e-01   3.3195899e-01   3.2348208e-01   5.4004547e-01   4.0480748e-01   9.6603257e-02   4.1816899e-01   3.4990138e-01   4.9705909e-01   2.9040957e-01   2.8067052e-01   3.2239875e-01   2.9024332e-01   4.0220836e-01   3.7600983e-01   3.4829430e-01   2.9203825e-01
   5.1988644e-01   3.8685185e-01   2.8543698e-01   2.8543698e-01   4.6854034e-01   4.7168887e-01   3.5042871e-01   6.9970054e-01   2.9713625e-01   2.7303169e-01   3.0940712e-01   9.6603257e-02   3.8991682e-01   3.9327257e-01   4.4928777e-01   5.6379124e-01   3.5720875e-01   3.0616914e-01
   3.7216317e-01   3.5409822e-01   3.3045227e-01   3.2933870e-01   4.7271543e-01   3.9022706e-01   4.2801207e-01   5.2880261e-01   3.7883369e-01   3.0269493e-01   3.5255820e-01   3.3394113e-01   4.2131480e-01   3.2364755e-01   4.0896000e-01   4.6233191e-01   3.5799856e-01   2.5927543e-01
   3.4938355e-01   3.8711772e-01   9.6603257e-02   5.2583306e-01   7.4183544e-01   5.7347879e-01   5.3131716e-01   7.4213512e-01   4.4176491e-01   3.1275228e-01   9.6603257e-02   5.0075772e-01   3.2900361e-01   6.4197519e-01   3.2900361e-01   5.2308967e-01   3.5783260e-01   3.0647540e-01
   3.4990138e-01   4.0420725e-01   3.1098743e-01   3.3815186e-01   5.3673964e-01   3.9376805e-01   2.6548214e-01   5.9371967e-01   3.3879438e-01   2.8493856e-01   3.2612572e-01   3.2900500e-01   3.3809341e-01   3.2025327e-01   3.6541532e-01   3.9343134e-01   3.3970242e-01   3.0592222e-01
   3.5547519e-01   4.4822132e-01   3.2748101e-01   3.6300239e-01   5.5833142e-01   3.4379556e-01   2.7632305e-01   6.9251335e-01   3.8760162e-01   2.6075510e-01   2.6260157e-01   3.2520972e-01   3.1773656e-01   4.7472245e-01   3.8426931e-01   3.4458072e-01   3.0998068e-01   2.8430679e-01
   5.2937443e-01   4.7647103e-01   3.2929779e-01   3.5290727e-01   7.2016117e-01   4.8750574e-01   4.9305790e-01   5.7744437e-01   3.7065538e-01   4.2244554e-01   3.3634742e-01   2.7789940e-01   3.4127740e-01   3.7344310e-01   4.5651217e-01   4.9318197e-01   3.2503421e-01   3.2282701e-01
   3.7616867e-01   3.5621609e-01   3.3199490e-01   3.1957740e-01   4.1460236e-01   4.3273954e-01   2.8758764e-01   6.9304370e-01   3.7913312e-01   3.0379522e-01   4.6834553e-01   3.1703805e-01   4.0329709e-01   3.9982415e-01   4.0692977e-01   5.0647678e-01   2.9002415e-01   2.6457716e-01
   4.1993348e-01   4.0717467e-01   4.7656755e-01   4.0255316e-01   5.1070341e-01   4.2396849e-01   4.5131554e-01   7.3509147e-01   3.5327199e-01   4.2086489e-01   3.1921246e-01   3.0743265e-01   4.1695570e-01   5.3807070e-01   3.6514283e-01   4.8866148e-01   3.5963353e-01   2.8165866e-01
   4.0408197e-01   4.1915567e-01   3.0740919e-01   2.8793531e-01   5.2452453e-01   4.3825721e-01   3.5020545e-01   6.9520972e-01   3.1796353e-01   2.5215459e-01   3.9488491e-01   3.0508548e-01   3.6220096e-01   3.7695589e-01   3.7481696e-01   4.3676662e-01   3.2914811e-01   4.3202663e-01
   4.4932859e-01   4.1723484e-01   3.4015451e-01   3.2353934e-01   5.0941882e-01   4.3243377e-01   9.6603257e-02   6.6023277e-01   3.5845121e-01   2.8012724e-01   3.0101911e-01   3.0553779e-01   3.5904978e-01   4.2560828e-01   3.7455319e-01   4.6962485e-01   3.2811638e-01   3.0388555e-01
   4.3528638e-01   3.4481384e-01   3.2890465e-01   2.7624115e-01   5.3871624e-01   4.7219418e-01   3.4663221e-01   6.5226138e-01   3.5089882e-01   3.4909078e-01   3.4967730e-01   3.0255308e-01   3.8702180e-01   4.3384124e-01   3.8551313e-01   5.5695409e-01   3.4712773e-01   2.8927411e-01
   3.5984869e-01   3.7729801e-01   3.2163093e-01   3.3445183e-01   4.7214793e-01   3.7927674e-01   2.7406972e-01   6.6702844e-01   3.3035356e-01   3.0164718e-01   2.9413464e-01   3.3135131e-01   3.1101268e-01   3.8882490e-01   3.3098277e-01   3.5608519e-01   3.2003292e-01   2.8166723e-01
   4.9663956e-01   4.9532462e-01   4.0402376e-01   4.6771763e-01   7.2122568e-01   3.9494401e-01   3.1346225e-01   5.1646364e-01   4.1139978e-01   3.0045627e-01   3.2527513e-01   3.2091580e-01   3.4673383e-01   4.2400792e-01   4.0448146e-01   4.3229679e-01   3.1170157e-01   2.8378096e-01
   3.9119500e-01   3.9899744e-01   3.0529783e-01   3.2793660e-01   6.3558190e-01   4.2459162e-01   3.2321429e-01   5.8707326e-01   3.6966003e-01   2.6796066e-01   2.9573966e-01   2.9445685e-01   3.1398556e-01   4.3198030e-01   3.9362621e-01   4.1518742e-01   2.9871062e-01   2.9031751e-01
   3.9390590e-01   3.9367946e-01   3.5256235e-01   3.6744176e-01   7.2123411e-01   3.6873843e-01   3.5840025e-01   7.3465853e-01   3.9780647e-01   4.9402087e-01   2.9642929e-01   3.1166245e-01   3.4561091e-01   6.2724317e-01   3.3991771e-01   3.9214724e-01   4.0644431e-01   2.7267936e-01
   5.8008149e-01   5.1416107e-01   3.5160860e-01   3.5160860e-01   5.0000000e-01   5.7410946e-01   4.6146282e-01   7.2559016e-01   3.8522010e-01   9.6603257e-02   9.6603257e-02   9.6603257e-02   4.8423120e-01   3.1345929e-01   4.3679518e-01   5.7533193e-01   1.6651695e-01   3.0842122e-01
   3.9524908e-01   3.4990138e-01   3.3817695e-01   3.7614958e-01   4.5390072e-01   3.7108783e-01   2.7247176e-01   6.1013857e-01   3.5779088e-01   2.7247176e-01   3.1281359e-01   3.1666015e-01   3.2660103e-01   3.6804372e-01   3.7056352e-01   4.1198854e-01   3.2525915e-01   3.1281359e-01
   3.8902962e-01   4.7057249e-01   3.5308961e-01   9.6603257e-02   5.4756639e-01   3.4887322e-01   3.5308961e-01   6.9402289e-01   3.5308961e-01   3.1741298e-01   2.7680920e-01   3.1741298e-01   3.4990138e-01   5.9286111e-01   3.8902962e-01   2.8279554e-01   3.8345243e-01   9.6603257e-02
   5.0147750e-01   4.7265149e-01   5.1226904e-01   4.5495113e-01   6.3832302e-01   4.2679330e-01   4.9528783e-01   6.8602954e-01   3.4718216e-01   2.6969851e-01   3.3498898e-01   3.7581982e-01   3.6238581e-01   5.1522753e-01   3.8956821e-01   5.0488499e-01   4.1538050e-01   3.1275228e-01
   3.4803021e-01   2.9961862e-01   3.1146727e-01   3.0849779e-01   4.3070713e-01   4.4002063e-01   2.7421755e-01   6.9638920e-01   3.7921264e-01   2.7647927e-01   3.2468127e-01   2.7647927e-01   3.5154393e-01   3.6584509e-01   3.0710465e-01   3.6995143e-01   3.5929822e-01   2.7421755e-01
   4.1281770e-01   4.0053188e-01   2.8800846e-01   3.0803377e-01   6.2423952e-01   4.2307455e-01   4.4749262e-01   7.3822946e-01   4.2233686e-01   3.9409918e-01   3.3434304e-01   3.7001787e-01   3.8536716e-01   4.6150783e-01   3.7153097e-01   4.2884468e-01   4.2835336e-01   2.7494886e-01
   5.3061554e-01   4.6911576e-01   3.5744405e-01   3.7952993e-01   5.5219562e-01   4.0934385e-01   2.7590157e-01   5.6171843e-01   4.2180500e-01   2.6473132e-01   4.0227862e-01   3.2063095e-01   3.5439231e-01   3.9353430e-01   4.5083333e-01   4.9175927e-01   3.2277886e-01   2.7929237e-01
   4.4762209e-01   4.3493489e-01   2.8386510e-01   3.1597721e-01   6.8001201e-01   4.4413041e-01   2.8192147e-01   7.4516358e-01   3.6179201e-01   4.0397335e-01   3.4679473e-01   3.3624022e-01   3.9880348e-01   5.5341263e-01   3.4121008e-01   4.3510364e-01   5.0249907e-01   3.3117664e-01
   4.4566232e-01   4.3218131e-01   3.1918720e-01   3.6245139e-01   6.2999710e-01   4.4439924e-01   3.9769497e-01   7.1018000e-01   3.5787812e-01   4.5851761e-01   3.6871374e-01   3.9579379e-01   4.4736148e-01   5.0065350e-01   3.7892218e-01   4.6272770e-01   3.6611542e-01   3.0295517e-01
   4.8138464e-01   4.2338085e-01   2.9123398e-01   3.1446510e-01   6.2307039e-01   5.2642876e-01   2.8554770e-01   7.3365884e-01   3.4539718e-01   3.6115888e-01   3.0137129e-01   3.0195002e-01   3.9270293e-01   4.9382879e-01   3.4042257e-01   5.1257658e-01   3.7063138e-01   3.0896921e-01
   3.8949463e-01   4.0902106e-01   3.2146246e-01   3.3345739e-01   7.5570189e-01   3.8651060e-01   9.6603257e-02   6.3888483e-01   4.1565492e-01   4.9681094e-01   3.0036331e-01   4.7417531e-01   3.9851219e-01   5.4568001e-01   3.4557389e-01   3.4980107e-01   3.6670888e-01   3.1225856e-01
   4.6999694e-01   4.3391681e-01   3.4597598e-01   3.2720892e-01   4.2921903e-01   4.8210074e-01   4.0344938e-01   7.3927016e-01   3.5197751e-01   3.7303557e-01   3.3815574e-01   2.9018009e-01   4.3147112e-01   4.2032802e-01   4.4901435e-01   5.5073333e-01   4.7617179e-01   3.0229012e-01
   5.7556492e-01   4.3326022e-01   3.4653487e-01   2.7647585e-01   5.4942346e-01   5.6886736e-01   3.4473293e-01   7.4282815e-01   3.8067773e-01   3.0387074e-01   2.8916064e-01   3.0996648e-01   3.8189901e-01   4.2360907e-01   3.3298025e-01   5.5898965e-01   4.6039077e-01   3.4653487e-01
   3.9549433e-01   4.2864141e-01   2.9674999e-01   3.1084012e-01   5.5799183e-01   4.2409387e-01   2.8537643e-01   6.3791944e-01   3.5262149e-01   3.8665833e-01   3.7727209e-01   3.0873624e-01   3.4490029e-01   3.7157055e-01   3.9877454e-01   3.8890323e-01   3.0957645e-01   2.8961711e-01
   2.9854057e-01   3.0601115e-01   2.9840426e-01   2.6422999e-01   5.4012639e-01   4.0496067e-01   3.0312637e-01   6.0980639e-01   3.5996200e-01   4.7593658e-01   3.3500324e-01   3.2097049e-01   3.4174917e-01   4.4693284e-01   2.9793588e-01   4.0730638e-01   3.4273988e-01   3.1016839e-01
   5.0962431e-01   3.3286124e-01   4.0940112e-01   4.0327592e-01   7.1608059e-01   5.5062431e-01   4.2685549e-01   6.2473372e-01   5.0475991e-01   5.1526297e-01   4.7345542e-01   3.7421644e-01   4.7345542e-01   3.8948654e-01   3.0162163e-01   5.3145966e-01   9.6603257e-02   2.5215459e-01
   5.3136138e-01   4.1582500e-01   4.4603454e-01   9.6603257e-02   6.8695999e-01   5.8291618e-01   4.7622671e-01   5.4575229e-01   4.1768462e-01   4.7622671e-01   9.6603257e-02   4.4603454e-01   4.9993647e-01   4.0524682e-01   2.5215459e-01   5.1185304e-01   4.1768462e-01   3.7306867e-01
   4.6087118e-01   3.7805868e-01   3.1385937e-01   3.0507832e-01   5.5966047e-01   5.3918942e-01   3.6218737e-01   7.3704539e-01   3.2853122e-01   3.1986978e-01   3.0693042e-01   2.7289541e-01   4.3175689e-01   4.0457541e-01   4.1508136e-01   5.9923097e-01   3.9091180e-01   3.1651591e-01
   4.2903591e-01   4.7241180e-01   3.4064426e-01   3.4329522e-01   6.9574872e-01   4.2333183e-01   2.8015261e-01   5.5203314e-01   3.8552676e-01   9.6603257e-02   3.4013378e-01   3.1621181e-01   3.9962728e-01   3.8785628e-01   4.0549734e-01   4.5383543e-01   3.7442497e-01   2.8183429e-01
   2.8451614e-01   3.3440974e-01   3.3305716e-01   3.4571945e-01   5.9008307e-01   3.3371943e-01   2.9824149e-01   5.2834954e-01   3.6583233e-01   2.8935117e-01   2.6205051e-01   3.5441493e-01   3.4562771e-01   3.8713486e-01   2.9300138e-01   3.0566031e-01   2.9171565e-01   2.7276198e-01
   4.3504324e-01   3.8700467e-01   3.2816744e-01   2.7773889e-01   4.8320850e-01   3.7248936e-01   2.5215459e-01   4.5540711e-01   4.1415573e-01   4.7070860e-01   3.6229937e-01   2.8064767e-01   3.5212652e-01   3.1611140e-01   3.0238315e-01   3.6549964e-01   2.9176737e-01   3.5456188e-01
   3.8579327e-01   3.8859840e-01   2.7432306e-01   2.8985978e-01   5.2886477e-01   4.7971077e-01   3.3250871e-01   7.3539460e-01   3.0626651e-01   4.5753010e-01   2.9885206e-01   3.2837506e-01   3.8937902e-01   5.2369903e-01   3.0066927e-01   4.9692498e-01   3.7898564e-01   3.0510349e-01
   5.2479180e-01   4.5784878e-01   3.2144295e-01   3.2558171e-01   5.3905098e-01   4.2635724e-01   2.9037867e-01   5.7741143e-01   3.8764562e-01   2.7368775e-01   3.6001345e-01   3.2487830e-01   3.5049782e-01   4.1398492e-01   4.1441713e-01   4.8359494e-01   3.2971842e-01   2.9830158e-01
   4.0330157e-01   3.6672169e-01   3.1608174e-01   3.4312681e-01   5.8770957e-01   4.5914656e-01   4.9601548e-01   6.3866710e-01   3.3441931e-01   2.7116347e-01   3.4632707e-01   3.1689719e-01   3.5138694e-01   4.1099735e-01   3.9109819e-01   5.2952825e-01   3.1689719e-01   2.9241145e-01
   2.8687850e-01   3.2280964e-01   2.9856483e-01   3.1581424e-01   4.5516376e-01   4.6003994e-01   3.0223778e-01   6.9961462e-01   3.9079307e-01   3.5010653e-01   3.3419797e-01   2.9514893e-01   4.2305436e-01   3.8498608e-01   3.1788392e-01   4.5034669e-01   3.0666619e-01   2.8834063e-01
   3.3286124e-01   5.3024959e-01   9.6603257e-02   3.2677605e-01   5.1573343e-01   3.8369944e-01   3.3867706e-01   7.0419413e-01   3.3335004e-01   2.9719369e-01   9.6603257e-02   9.6603257e-02   4.2587836e-01   4.0556798e-01   3.8369944e-01   4.3776490e-01   4.5584997e-01   9.6603257e-02
   3.5217228e-01   3.5027070e-01   3.5386861e-01   3.5390820e-01   4.6112424e-01   3.6540278e-01   2.8362772e-01   5.3006248e-01   3.6897987e-01   2.8154814e-01   3.3505263e-01   3.0892977e-01   3.3289418e-01   3.7286906e-01   3.3937765e-01   3.7297015e-01   3.1025348e-01   3.0029482e-01
   4.3957012e-01   3.4070044e-01   3.1251205e-01   3.1251205e-01   5.9644577e-01   5.7936632e-01   9.6603257e-02   7.2933792e-01   3.1251205e-01   3.1251205e-01   9.6603257e-02   3.1251205e-01   3.7286744e-01   3.4986133e-01   9.6603257e-02   6.0286864e-01   3.4986133e-01   3.4889100e-01
   3.7557473e-01   3.9280372e-01   3.0067210e-01   3.2747459e-01   4.5796119e-01   3.7780761e-01   2.9862771e-01   6.8043262e-01   3.4612100e-01   3.2076795e-01   3.2618798e-01   3.2489328e-01   3.5807915e-01   4.5785481e-01   3.6379346e-01   4.2107542e-01   3.5599322e-01   2.9675741e-01
   3.8614751e-01   4.0946201e-01   9.6603257e-02   2.7831895e-01   4.7218349e-01   3.7386212e-01   2.8918178e-01   7.1357575e-01   3.2199289e-01   2.8918178e-01   3.9338394e-01   9.6603257e-02   3.7985614e-01   4.2398786e-01   3.2339612e-01   4.4687102e-01   3.6240049e-01   3.1894392e-01
   4.3521188e-01   4.7022258e-01   3.7067354e-01   3.8917106e-01   6.9657794e-01   4.9105408e-01   3.6408617e-01   7.4127744e-01   4.0102483e-01   3.0873495e-01   3.6731071e-01   3.4751415e-01   4.1745903e-01   4.5685610e-01   4.0188927e-01   4.9882495e-01   3.9422355e-01   4.2455541e-01
   3.1345929e-01   4.1005069e-01   3.2399411e-01   3.5089965e-01   6.2446102e-01   3.3149733e-01   3.2399411e-01   5.9634814e-01   3.5658743e-01   9.6603257e-02   3.8369944e-01   3.2791079e-01   3.7842719e-01   3.9651931e-01   4.1100286e-01   4.7574316e-01   3.5366613e-01   3.2399411e-01
   5.1726799e-01   4.7044843e-01   4.2886058e-01   3.6051380e-01   5.3837126e-01   4.6851231e-01   2.6383721e-01   7.2439507e-01   3.6510590e-01   3.0819463e-01   2.7428871e-01   3.0738690e-01   3.6063322e-01   4.9245625e-01   4.1611911e-01   5.2147098e-01   3.5488272e-01   2.8725901e-01
   6.5009862e-01   2.8681585e-01   3.9874354e-01   2.9257037e-01   6.5041549e-01   7.1037206e-01   5.3855835e-01   6.6441757e-01   3.4990138e-01   9.6603257e-02   5.8172257e-01   2.7430343e-01   5.1036809e-01   5.3855835e-01   3.6802431e-01   6.9990540e-01   9.6603257e-02   9.6603257e-02
   4.8228923e-01   5.1140830e-01   4.0812840e-01   4.1931718e-01   4.8844086e-01   4.0459268e-01   2.8833637e-01   7.1416344e-01   4.2244777e-01   4.1816390e-01   3.1165285e-01   3.5618967e-01   3.3688847e-01   4.3034910e-01   3.9486376e-01   4.5502465e-01   3.2073827e-01   3.8380841e-01
   4.1406373e-01   4.1637888e-01   3.4617965e-01   3.7433469e-01   4.3876750e-01   3.7146675e-01   2.1389602e-01   4.6178306e-01   3.8135391e-01   3.6136034e-01   2.6652357e-01   3.0961854e-01   3.3388776e-01   3.6011999e-01   4.1302952e-01   3.1997337e-01   3.1026796e-01   2.9133162e-01
   5.6628385e-01   4.5228809e-01   3.2711233e-01   3.4022084e-01   6.1753701e-01   4.1863142e-01   2.9374889e-01   5.4990803e-01   3.9737583e-01   3.7807509e-01   4.1393324e-01   3.1651159e-01   3.4333578e-01   3.7654230e-01   4.6847909e-01   4.9369971e-01   3.3084688e-01   3.0245042e-01
   3.6785902e-01   4.6116525e-01   4.9775267e-01   2.9840926e-01   6.2327894e-01   5.4650352e-01   5.1550420e-01   7.4112108e-01   4.3533019e-01   3.2052379e-01   9.6603257e-02   3.6188758e-01   4.0507229e-01   6.1301098e-01   3.1277434e-01   4.3051444e-01   4.3603368e-01   3.0853833e-01
   5.4646788e-01   4.2822198e-01   3.1926921e-01   3.1438808e-01   4.2783221e-01   4.5682245e-01   2.7678819e-01   5.6717902e-01   3.7004217e-01   3.3618264e-01   3.6716932e-01   2.7446667e-01   3.6067485e-01   3.6462041e-01   4.2051899e-01   5.6631750e-01   3.2587176e-01   2.7549168e-01
   4.0893231e-01   3.9992862e-01   3.1818167e-01   2.7120861e-01   4.3393348e-01   4.2690689e-01   2.5215459e-01   7.2056471e-01   3.7715503e-01   4.7613741e-01   3.2870822e-01   2.9676605e-01   3.5860842e-01   4.4199647e-01   4.3679742e-01   4.6317391e-01   3.6688875e-01   2.9582282e-01
   4.3586503e-01   4.5323777e-01   3.5523716e-01   3.3205556e-01   6.2217307e-01   4.6998086e-01   4.2257170e-01   7.4143169e-01   4.2943968e-01   4.2909218e-01   3.3958775e-01   3.8177212e-01   4.1039475e-01   4.3387061e-01   3.8630588e-01   4.9488305e-01   3.5961460e-01   3.2661432e-01
   4.9958132e-01   4.8113986e-01   3.3672366e-01   3.4830656e-01   6.2954746e-01   4.5841309e-01   3.5542531e-01   6.9259924e-01   4.3445382e-01   4.2268098e-01   2.9649440e-01   3.0170380e-01   3.5447390e-01   4.4235153e-01   3.3837629e-01   4.4453870e-01   3.3649837e-01   4.0630872e-01
   4.2532440e-01   4.3002914e-01   3.3568480e-01   3.9391548e-01   5.9671763e-01   3.8414444e-01   2.6370840e-01   5.4569407e-01   3.8324559e-01   2.7839674e-01   3.7059081e-01   3.1900752e-01   3.4466715e-01   4.3829835e-01   3.8303218e-01   4.3130816e-01   2.9157222e-01   2.8304508e-01
   3.9620696e-01   4.0480538e-01   3.7779019e-01   3.4870114e-01   7.2553130e-01   3.8987513e-01   4.2299528e-01   6.4244768e-01   3.7208609e-01   4.3979471e-01   3.3608962e-01   4.2530845e-01   3.9390748e-01   4.5430961e-01   4.4198056e-01   4.3976812e-01   2.9697276e-01   3.0792948e-01
   3.8810606e-01   3.8810606e-01   3.5469318e-01   3.5469318e-01   4.8667714e-01   5.1909637e-01   9.6603257e-02   7.4340321e-01   3.5469318e-01   4.5628433e-01   9.6603257e-02   9.6603257e-02   4.4461465e-01   4.8014864e-01   9.6603257e-02   5.0904816e-01   9.6603257e-02   9.6603257e-02
