0.607017514	0.644830987	0.329198449	0.372867045	0.494328714	0.393374665	0.096603257	0.501849542	0.625453225	0.096603257	0.499415329	0.288331982	0.368124185	0.363189408	0.487434781	0.501260351	0.324570518	0.291332352
0.679504194	0.709688078	0.28656952	0.28656952	0.438745177	0.505429287	0.096603257	0.557606629	0.252154592	0.505429287	0.518967951	0.307761857	0.486996773	0.377374424	0.660101838	0.58616119	0.430207203	0.453074024
0.574053584	0.575480779	0.29863972	0.428947908	0.541344529	0.467190824	0.304451654	0.576471736	0.469898948	0.26873485	0.449357806	0.343098746	0.450782449	0.401368746	0.736297018	0.585363579	0.485168759	0.389498803
0.659745458	0.479309231	0.378302731	0.408228221	0.600474889	0.395245855	0.096603257	0.526280092	0.373755965	0.096603257	0.096603257	0.378302731	0.298537562	0.400045985	0.349901379	0.646449154	0.347679086	0.347679086
0.650098621	0.656021955	0.537827226	0.485823143	0.606355343	0.43310828	0.096603257	0.646014092	0.427251427	0.096603257	0.28473581	0.5	0.298164623	0.518864126	0.571064369	0.579539884	0.317523546	0.520375682
0.517480767	0.571496504	0.532535572	0.349901379	0.720399492	0.348873219	0.096603257	0.604754145	0.420633681	0.096603257	0.096603257	0.16853815	0.501671173	0.612884374	0.389029625	0.468540342	0.096603257	0.096603257
0.469815975	0.466090444	0.300550097	0.329889332	0.571224307	0.331191498	0.096603257	0.618966937	0.347751529	0.273001843	0.314262727	0.303631107	0.332626764	0.525124411	0.444154756	0.41450711	0.336035024	0.300769055
0.641815448	0.509995223	0.369965048	0.362521649	0.583031693	0.442681336	0.096603257	0.613608174	0.361790512	0.096603257	0.424930751	0.340501653	0.496387002	0.547741298	0.399346235	0.610771564	0.542582919	0.533754037
0.396386677	0.266410766	0.252154592	0.185746664	0.40757347	0.425878356	0.096603257	0.514508166	0.252154592	0.096603257	0.499677047	0.096603257	0.46128313	0.38983617	0.294884178	0.481969481	0.337392168	0.096603257
0.649486911	0.536172169	0.33401343	0.362672441	0.521931039	0.454749253	0.096603257	0.729043154	0.384397723	0.096603257	0.474821915	0.33401343	0.299973604	0.516983369	0.427003569	0.367795033	0.533447052	0.299973604
0.672693023	0.571355515	0.442077525	0.418213922	0.528299432	0.37598514	0.340590933	0.544321875	0.46413026	0.469459264	0.422740329	0.324347275	0.38517543	0.431763486	0.686439407	0.58329256	0.321264992	0.265711798
0.622434751	0.592861106	0.38791101	0.410176442	0.583714419	0.38791101	0.096603257	0.523204515	0.410176442	0.096603257	0.096603257	0.36512619	0.330555153	0.468540342	0.445413202	0.57698426	0.38791101	0.301799121
0.610494226	0.452454392	0.275331883	0.274181851	0.564121875	0.421231512	0.096603257	0.654663653	0.368757165	0.096603257	0.505159384	0.252154592	0.486051443	0.461936022	0.421944005	0.583371918	0.569149372	0.42910536
0.397074901	0.542317128	0.474659498	0.541699147	0.724946141	0.339698016	0.096603257	0.603240518	0.437541584	0.096603257	0.157752402	0.393121175	0.316679886	0.555405509	0.401492543	0.3392496	0.362176759	0.341618423
0.296337473	0.330241454	0.367110916	0.401295601	0.497712944	0.328600437	0.325161796	0.675767208	0.333739085	0.096603257	0.292246613	0.367110916	0.292246613	0.43679518	0.335356799	0.449565477	0.445613819	0.292246613
0.501947259	0.384048735	0.286970596	0.308395558	0.821808177	0.43133943	0.096603257	0.498617763	0.394646772	0.096603257	0.252154592	0.505707966	0.096603257	0.646916293	0.323195212	0.350991916	0.319690191	0.286970596
0.739627011	0.531459658	0.096603257	0.314059821	0.497093385	0.343242032	0.096603257	0.658057526	0.096603257	0.096603257	0.096603257	0.096603257	0.314059821	0.409462014	0.409462014	0.736329172	0.550624305	0.096603257
0.282321869	0.282473146	0.325773428	0.325773428	0.576187187	0.484839476	0.261456511	0.73531212	0.336516285	0.424012724	0.288955431	0.294776078	0.386072937	0.567294778	0.272899473	0.400005874	0.378897642	0.33560635
0.526283132	0.521819378	0.351608597	0.401267719	0.587621583	0.458541296	0.096603257	0.615599209	0.44052988	0.096603257	0.308421217	0.351608597	0.334341522	0.451395502	0.366464033	0.619595421	0.096603257	0.096603257
0.442182224	0.517312409	0.34336422	0.352737982	0.554280745	0.479309231	0.096603257	0.599143907	0.404245477	0.096603257	0.373755965	0.096603257	0.368057295	0.343196797	0.352737982	0.517027913	0.456542031	0.303948775
0.464950806	0.437770383	0.353646306	0.350290737	0.471518632	0.502662855	0.428430247	0.718759894	0.355003944	0.313095186	0.423559113	0.30803592	0.389977821	0.38670956	0.457413773	0.517870842	0.346775598	0.340769821
0.705407619	0.485414062	0.316979679	0.316979679	0.446535235	0.542443413	0.096603257	0.605565493	0.349037913	0.096603257	0.308168606	0.096603257	0.39501428	0.347740946	0.416973181	0.701673663	0.316139135	0.287324746
0.510019736	0.365121002	0.319693974	0.317583305	0.576511894	0.63664034	0.498863452	0.736734261	0.405255315	0.338677059	0.274953838	0.122122502	0.510549045	0.537163965	0.439101726	0.597804725	0.342810197	0.310095418
0.47311766	0.413338147	0.297350573	0.312418758	0.542547978	0.424126854	0.273461683	0.591864208	0.351821249	0.300855422	0.340063124	0.276526736	0.341935048	0.399587446	0.396371776	0.493867989	0.318129271	0.309431873
0.459040214	0.469609816	0.324973461	0.364264908	0.695738007	0.469080349	0.096603257	0.664748232	0.403813737	0.096603257	0.340973827	0.292980341	0.319762486	0.461079226	0.369205491	0.434243695	0.322796703	0.308074718
0.497406193	0.388669093	0.322404424	0.346603726	0.600387533	0.485658761	0.096603257	0.600617416	0.361929086	0.096603257	0.355475603	0.322404424	0.355624316	0.469750925	0.399346235	0.593524614	0.386805514	0.300857194
0.545346345	0.574957832	0.329274744	0.325241803	0.737426406	0.465284582	0.386738271	0.678227783	0.365617461	0.096603257	0.296757413	0.252154592	0.32902687	0.540959786	0.405293553	0.46715668	0.325241803	0.472424694
0.301086295	0.259728181	0.336373111	0.362317365	0.485664239	0.395245855	0.096603257	0.502006217	0.356505693	0.096603257	0.266896512	0.349901379	0.096603257	0.345381784	0.265737696	0.427263844	0.296118363	0.191083747
0.524496669	0.455779238	0.35620926	0.384948247	0.55564679	0.436772959	0.269279796	0.624473445	0.373855846	0.304811195	0.339627553	0.37388911	0.324574471	0.417919189	0.369260773	0.487791591	0.330994549	0.335827154
0.503347943	0.278135834	0.372628441	0.372628441	0.429129049	0.329484859	0.096603257	0.493052289	0.36054528	0.096603257	0.281284254	0.522539783	0.275331883	0.271449149	0.401227885	0.388723187	0.42910536	0.156408877
0.681535365	0.693122035	0.457958813	0.511661569	0.476005066	0.33944127	0.258553186	0.28273412	0.521078532	0.096603257	0.308171606	0.260837284	0.31281599	0.289231975	0.501769772	0.453551918	0.306522285	0.364043562
0.528860646	0.468468931	0.295090679	0.345980445	0.571493872	0.47406215	0.096603257	0.663501241	0.273397271	0.096603257	0.31544981	0.28255526	0.314472569	0.444734492	0.371565597	0.59358902	0.341037499	0.33563856
0.613861639	0.472104618	0.329512296	0.327147051	0.683441903	0.436421766	0.096603257	0.490958595	0.417357242	0.096603257	0.461462822	0.29170897	0.252154592	0.568589743	0.328570422	0.396111645	0.380492489	0.530823952
0.618680301	0.574348978	0.4809016	0.442978188	0.728722265	0.350021426	0.096603257	0.531459658	0.43230411	0.096603257	0.096603257	0.410140164	0.326807537	0.590538506	0.392414336	0.552375592	0.354279974	0.318971649
0.642654666	0.56812447	0.509256588	0.445935419	0.620548419	0.66377245	0.112421973	0.705910775	0.502065661	0.475178907	0.390290894	0.426442817	0.508305776	0.503637505	0.442778753	0.618849577	0.414475367	0.388644233
0.41296316	0.278493317	0.096603257	0.096603257	0.328047912	0.301480503	0.096603257	0.462644493	0.221882047	0.096603257	0.309321703	0.325555377	0.28601041	0.433364589	0.309321703	0.506203539	0.318369955	0.361712492
0.349901379	0.096603257	0.096603257	0.096603257	0.493391062	0.459087987	0.096603257	0.713528913	0.096603257	0.540912013	0.360392894	0.363334382	0.535223533	0.377488642	0.297198671	0.61688183	0.540912013	0.096603257
0.454717593	0.415389143	0.294698045	0.340328827	0.573342959	0.279468576	0.096603257	0.719638019	0.31625719	0.096603257	0.252154592	0.311780341	0.311780341	0.55299131	0.329431548	0.509315153	0.348007952	0.311780341
0.723759147	0.664585191	0.540912013	0.401267719	0.520508596	0.483893968	0.096603257	0.531459658	0.45155085	0.096603257	0.096603257	0.325555377	0.363334382	0.417141477	0.45155085	0.723759147	0.096603257	0.096603257
0.398947491	0.337852244	0.295090679	0.31544981	0.569820887	0.381629339	0.502680881	0.72584455	0.352583031	0.314472569	0.318693323	0.096603257	0.394049467	0.398947491	0.311073094	0.488686465	0.301325876	0.31544981
0.454415853	0.434758611	0.096603257	0.503989917	0.614623278	0.416229851	0.096603257	0.745772038	0.532268314	0.320092361	0.309045809	0.320092361	0.335039394	0.609306139	0.434333053	0.344317983	0.503989917	0.096603257
0.567856087	0.513672377	0.530005425	0.331497327	0.518468139	0.55071223	0.096603257	0.646817134	0.347515789	0.323994113	0.508785671	0.314872939	0.456558829	0.4027706	0.484436029	0.562510021	0.343352171	0.323994113
0.546656036	0.503879435	0.345365346	0.383699438	0.618146957	0.358013399	0.096603257	0.715800921	0.359127911	0.276422046	0.096603257	0.342235443	0.317585462	0.590841587	0.358505084	0.459356035	0.441113668	0.096603257
0.577726191	0.659009703	0.482501497	0.340154513	0.495817991	0.477887965	0.096603257	0.64174443	0.618191312	0.096603257	0.252154592	0.369403588	0.369403588	0.549014163	0.340154513	0.442225191	0.369403588	0.575646956
0.258414517	0.262902397	0.351713295	0.307457403	0.474588435	0.366268468	0.321234767	0.678519811	0.336172015	0.351713295	0.096603257	0.321423479	0.326527059	0.516518068	0.196399476	0.326527059	0.328629044	0.096603257
0.30657506	0.273837958	0.096603257	0.096603257	0.675833539	0.378890287	0.476844619	0.63691642	0.29700101	0.096603257	0.294536058	0.096603257	0.316713016	0.453343634	0.32937251	0.368071207	0.344253248	0.096603257
0.284647568	0.366511682	0.252154592	0.25458625	0.493579336	0.29585029	0.096603257	0.376231205	0.319201934	0.096603257	0.288969614	0.372732772	0.300483742	0.259254473	0.290193378	0.293689801	0.261683286	0.213896015
0.426652789	0.416170655	0.310497519	0.408682461	0.511611412	0.517214541	0.310497519	0.739727789	0.356478357	0.096603257	0.303271409	0.340154513	0.369403588	0.516436329	0.38911638	0.443646629	0.512664061	0.437734168
0.633838692	0.455321378	0.374389737	0.096603257	0.45155085	0.593521602	0.096603257	0.739233105	0.334012482	0.096603257	0.36770234	0.096603257	0.513690971	0.361945563	0.455321378	0.577507767	0.401267719	0.301446945
0.522028245	0.533964902	0.443630314	0.407273521	0.5980468	0.461986167	0.096603257	0.743509894	0.516300176	0.096603257	0.327487581	0.36874607	0.349567027	0.595754523	0.469632658	0.502890795	0.425545024	0.27455307
0.52618536	0.384909006	0.096603257	0.252154592	0.694927552	0.535922704	0.096603257	0.500932814	0.35298391	0.300119493	0.353666134	0.28646778	0.44674022	0.380014906	0.402172553	0.496797738	0.323994113	0.302314975
0.483050568	0.516106032	0.350404687	0.45155085	0.520508596	0.274436346	0.096603257	0.683441903	0.360392894	0.096603257	0.278493317	0.350404687	0.325555377	0.410168507	0.410168507	0.575048668	0.410168507	0.363334382
0.344188022	0.327148633	0.425567033	0.330915579	0.616300562	0.4714991	0.494901772	0.750032089	0.399115101	0.418221205	0.498771624	0.309966475	0.456591597	0.4808763	0.338826695	0.432750209	0.352610497	0.494415885
0.528006936	0.472160017	0.287467741	0.326609209	0.558539165	0.400613772	0.278469371	0.560698215	0.362471369	0.269921353	0.361930189	0.297599788	0.346465611	0.410440404	0.422916726	0.534982888	0.326118422	0.308568935
0.747845408	0.629427748	0.096603257	0.096603257	0.404245477	0.480093598	0.096603257	0.629427748	0.308395558	0.096603257	0.487968169	0.096603257	0.096603257	0.431789753	0.575170053	0.511282167	0.483893968	0.345151283
0.382632066	0.35520811	0.275992839	0.269166045	0.480921278	0.484094262	0.495035868	0.694346953	0.322858102	0.310207035	0.366194287	0.287869179	0.382405991	0.477612512	0.334161582	0.533300282	0.382405991	0.315015671
0.651755673	0.739360003	0.463303274	0.530789629	0.534339355	0.485664239	0.096603257	0.616717753	0.498328827	0.096603257	0.096603257	0.463303274	0.096603257	0.530789629	0.38791101	0.501671173	0.547852279	0.587668473
0.519978901	0.432552496	0.444989245	0.355075261	0.543884704	0.527244092	0.42331413	0.740782852	0.383333549	0.484779641	0.444300427	0.334042388	0.481669128	0.494925387	0.432615898	0.604346123	0.456391001	0.326738161
0.305511513	0.345942874	0.461462822	0.380323662	0.646693717	0.484231202	0.096603257	0.595791352	0.468540342	0.096603257	0.166542841	0.096603257	0.351608597	0.480903633	0.308421217	0.345942874	0.413698569	0.31569916
0.474305371	0.662814776	0.378302731	0.433774479	0.549912065	0.405557875	0.424930751	0.740031466	0.650098621	0.096603257	0.325842394	0.496387002	0.46460751	0.540640629	0.338334312	0.441226999	0.46460751	0.280020758
0.423959984	0.433125262	0.346429113	0.300738526	0.65261042	0.418029193	0.3695027	0.671889534	0.377949063	0.096603257	0.312115518	0.36035241	0.355551634	0.448905612	0.364327479	0.441184649	0.277220907	0.267521144
0.499096865	0.659482982	0.461462822	0.096603257	0.743808671	0.587062876	0.096603257	0.700464306	0.527445278	0.096603257	0.096603257	0.444359351	0.096603257	0.470291046	0.542680643	0.527445278	0.096603257	0.096603257
0.572330211	0.48371585	0.096603257	0.096603257	0.520479249	0.509624774	0.513335115	0.751990575	0.096603257	0.096603257	0.096603257	0.462366397	0.509624774	0.540852633	0.531663139	0.16750988	0.74072457	0.509624774
0.686457122	0.593105377	0.54004139	0.54004139	0.445662324	0.627401448	0.096603257	0.691907407	0.370972715	0.096603257	0.521425437	0.54004139	0.521425437	0.53333384	0.574657007	0.654768375	0.54004139	0.521425437
0.447159793	0.484301394	0.420886461	0.423364053	0.509624309	0.456360806	0.350205453	0.738890683	0.416041358	0.096603257	0.414475367	0.372289161	0.416472098	0.544965054	0.492922865	0.498608666	0.392316698	0.096603257
0.619404282	0.463337311	0.529810397	0.529810397	0.74302695	0.444113781	0.096603257	0.62267483	0.32344396	0.096603257	0.096603257	0.32344396	0.096603257	0.531626795	0.44332268	0.431034635	0.483738933	0.32344396
0.61990586	0.670345831	0.344352014	0.349901379	0.679500199	0.341123959	0.096603257	0.604754145	0.45723443	0.096603257	0.356435191	0.30484964	0.28473581	0.512180554	0.604754145	0.492712352	0.513992368	0.498934464
0.436664334	0.530508219	0.336373111	0.384799406	0.674002641	0.383226136	0.096603257	0.560499953	0.30596611	0.096603257	0.096603257	0.336373111	0.096603257	0.436664334	0.410608447	0.384799406	0.096603257	0.370972715
0.505881983	0.421283357	0.322243714	0.348317415	0.519462368	0.417757158	0.096603257	0.426919133	0.383699438	0.26560809	0.370199736	0.316750579	0.316750579	0.349901379	0.405991301	0.472788615	0.309595561	0.312066946
0.531754449	0.254708346	0.096603257	0.119791489	0.361640395	0.49395038	0.478263408	0.54785197	0.252154592	0.096603257	0.259317467	0.096603257	0.290914748	0.257344179	0.247540133	0.491181921	0.334990686	0.252154592
0.65153772	0.505367906	0.096603257	0.096603257	0.590171953	0.691866275	0.096603257	0.852915633	0.366185152	0.096603257	0.096603257	0.096603257	0.543501243	0.718595456	0.543501243	0.623394239	0.618243459	0.096603257
0.531459658	0.442313021	0.096603257	0.306909558	0.728287527	0.425505728	0.096603257	0.72249642	0.406954007	0.096603257	0.326324064	0.388722814	0.513271581	0.542710964	0.428503496	0.554883962	0.412826068	0.378437939
0.314130553	0.327910201	0.29863972	0.348211273	0.519333004	0.404062305	0.293782422	0.72695609	0.323998424	0.275352195	0.334648982	0.300098917	0.349218783	0.448485014	0.260420363	0.381533696	0.358444472	0.467529324
0.380902536	0.470015317	0.096603257	0.317198778	0.650098621	0.5033478	0.317198778	0.753830862	0.498272532	0.481648112	0.368632677	0.096603257	0.495058645	0.58034815	0.427259542	0.491419753	0.339405207	0.317198778
0.734389141	0.547031001	0.096603257	0.326465174	0.520404177	0.469682888	0.096603257	0.604951432	0.353875142	0.096603257	0.510559313	0.096603257	0.33178186	0.461835178	0.440187301	0.73534796	0.533443265	0.353875142
0.661676164	0.518667534	0.309247169	0.369922951	0.480239614	0.369922951	0.096603257	0.661665688	0.352334677	0.096603257	0.309247169	0.096603257	0.325161796	0.386534681	0.485847393	0.376605761	0.450489854	0.096603257
0.569017618	0.542624225	0.37508504	0.330806102	0.47144812	0.367039498	0.096603257	0.568496049	0.433427129	0.096603257	0.425150324	0.317821958	0.337334759	0.319199385	0.546665759	0.463376973	0.490884631	0.310360865
0.730653198	0.715434867	0.273729191	0.359651151	0.430345711	0.347543811	0.096603257	0.505706207	0.460103045	0.096603257	0.288673818	0.34336422	0.456542031	0.334552203	0.678477585	0.496198913	0.34336422	0.096603257
0.417357242	0.384746384	0.096603257	0.3491484	0.685462301	0.384746384	0.096603257	0.72760786	0.385220101	0.096603257	0.345942874	0.252154592	0.096603257	0.630771797	0.3491484	0.345942874	0.351608597	0.096603257
0.462227463	0.468540342	0.3491484	0.379138396	0.626822703	0.422733829	0.096603257	0.60243275	0.379138396	0.096603257	0.096603257	0.351608597	0.31569916	0.550039529	0.417357242	0.450214822	0.096603257	0.096603257
0.743427455	0.650098621	0.096603257	0.096603257	0.488980789	0.568084055	0.096603257	0.779847931	0.096603257	0.096603257	0.534388399	0.096603257	0.096603257	0.611363506	0.568084055	0.650098621	0.726790777	0.319253334
0.532826405	0.429286422	0.379144055	0.369840948	0.516985858	0.611657115	0.471515263	0.742437149	0.383831066	0.473232878	0.309586596	0.285609333	0.502639672	0.428875204	0.354365807	0.544661218	0.389740361	0.308030418
0.450914558	0.491746786	0.096603257	0.273383776	0.709031863	0.49703399	0.096603257	0.611637649	0.485778273	0.096603257	0.456837945	0.335083289	0.386088086	0.444080452	0.301929427	0.509505977	0.096603257	0.294698045
0.627132563	0.628398867	0.531803208	0.567754812	0.675079687	0.478700433	0.096603257	0.531459658	0.514733901	0.096603257	0.546292502	0.477684056	0.336208088	0.459023209	0.434460933	0.549310159	0.096603257	0.466553125
0.435388338	0.523196407	0.522577251	0.558926612	0.620099976	0.555430322	0.318557296	0.676556756	0.482409653	0.096603257	0.096603257	0.537542981	0.510368091	0.592993848	0.432597711	0.496992476	0.458428556	0.451807964
0.636626523	0.62152504	0.293220211	0.301621629	0.34359899	0.578789046	0.096603257	0.62232433	0.299124394	0.096603257	0.096603257	0.096603257	0.356074302	0.293220211	0.498093036	0.504284893	0.343242032	0.332994579
0.368288979	0.273199053	0.151387527	0.151387527	0.381490203	0.490345623	0.096603257	0.53539249	0.337392168	0.096603257	0.518453583	0.151387527	0.518453583	0.296694752	0.331920234	0.615426281	0.252154592	0.211277833
0.385991541	0.317233679	0.267272307	0.254745709	0.431186671	0.260446322	0.111955704	0.411570304	0.254375117	0.157752402	0.252154592	0.273105311	0.283886279	0.259533319	0.258375424	0.330636203	0.335456935	0.300340454
0.431034635	0.364264908	0.294776078	0.308076401	0.417147402	0.431750569	0.252154592	0.651224938	0.323824306	0.096603257	0.395245855	0.096603257	0.371402506	0.396768996	0.35309565	0.592251678	0.394393464	0.096603257
0.58482544	0.608551762	0.391064286	0.398663576	0.60800147	0.40665	0.273176477	0.531350718	0.410327863	0.096603257	0.337127256	0.342751627	0.357994269	0.429970674	0.473612992	0.475968903	0.310119609	0.367427201
0.453052422	0.459221451	0.345879538	0.363348981	0.576714416	0.392788336	0.281548143	0.604210918	0.388070263	0.266296585	0.333401171	0.34101117	0.34683659	0.423383042	0.396074874	0.408600865	0.376734951	0.306622331
0.349901379	0.410608447	0.341720405	0.349901379	0.5157651	0.530789629	0.521425437	0.727514499	0.421435975	0.096603257	0.370972715	0.096603257	0.469210371	0.388669093	0.252154592	0.520910199	0.096603257	0.096603257
0.506608455	0.556355861	0.357554771	0.454320303	0.730718364	0.38522549	0.096603257	0.57525058	0.490910455	0.096603257	0.311774909	0.357554771	0.34826816	0.404929499	0.423179615	0.404929499	0.364284649	0.311774909
0.466470988	0.55346231	0.376477865	0.408366241	0.492043081	0.347236957	0.096603257	0.70587756	0.291183581	0.096603257	0.343242032	0.096603257	0.408366241	0.44407742	0.326615649	0.536960131	0.352350812	0.347236957
0.3491484	0.3491484	0.3491484	0.349901379	0.468540342	0.307289702	0.096603257	0.743151454	0.357549025	0.096603257	0.096603257	0.3491484	0.379138396	0.550039529	0.351608597	0.387092992	0.345942874	0.31569916
0.552031568	0.525467522	0.387338656	0.397984458	0.549590205	0.490724511	0.273535066	0.614823387	0.400803264	0.332884731	0.31488962	0.318889952	0.378535447	0.401296196	0.444180339	0.511376049	0.313902621	0.29762335
0.347073398	0.45669884	0.473455424	0.382764614	0.747009245	0.299124394	0.096603257	0.642652227	0.508713944	0.299124394	0.096603257	0.299124394	0.299124394	0.548319019	0.35120545	0.326744795	0.515262965	0.096603257
0.580540377	0.616840111	0.441501719	0.381484842	0.472242875	0.497474685	0.096603257	0.646991865	0.600285117	0.50286955	0.345282305	0.305705544	0.483553972	0.501048895	0.565044626	0.592993848	0.423473397	0.096603257
0.526049308	0.395727237	0.363471746	0.341306164	0.660162669	0.624705674	0.096603257	0.616320956	0.39919784	0.314019627	0.41171274	0.273090768	0.529394394	0.463799042	0.482972087	0.602104292	0.39270293	0.506950977
0.468540342	0.409462014	0.350205453	0.273854622	0.649794547	0.454850273	0.32344396	0.70587756	0.330434873	0.096603257	0.330434873	0.096603257	0.352350812	0.427183727	0.466089728	0.51360209	0.330434873	0.096603257
0.513544859	0.422967659	0.390624633	0.317177957	0.624379078	0.443886164	0.282469348	0.611028659	0.332060427	0.096603257	0.400625333	0.331095978	0.352184848	0.469622574	0.361199528	0.593387934	0.400625333	0.31911048
0.5757209	0.478475659	0.500241874	0.511841752	0.603467565	0.525296294	0.096603257	0.739757545	0.429110326	0.276076821	0.333729581	0.510597483	0.443603621	0.535024035	0.589663808	0.550168004	0.43834321	0.456588571
0.373098206	0.378558183	0.334313727	0.371844498	0.74279581	0.326022498	0.096603257	0.560798847	0.321821794	0.096603257	0.303685056	0.312061035	0.296116763	0.680374842	0.335553424	0.33947899	0.365337647	0.283295665
0.293100304	0.335637591	0.305089066	0.320292642	0.389160601	0.341874151	0.293100549	0.582876574	0.315441258	0.291210513	0.261359298	0.340469459	0.346064016	0.308870583	0.268659029	0.290068774	0.331920045	0.293823464
0.68318361	0.621502579	0.343242032	0.380754905	0.616300562	0.380754905	0.096603257	0.443170631	0.41356394	0.096603257	0.096603257	0.314059821	0.343242032	0.476746235	0.557429076	0.675577914	0.343242032	0.096603257
0.379978728	0.124512866	0.215114492	0.124512866	0.350165799	0.718240728	0.096603257	0.687428526	0.130159268	0.30484964	0.124512866	0.096603257	0.450040272	0.232472382	0.147283746	0.405949999	0.096603257	0.096603257
0.614626961	0.710328197	0.515211437	0.559853456	0.724970951	0.320873114	0.096603257	0.475630637	0.444143024	0.096603257	0.273194079	0.445164824	0.096603257	0.385477116	0.676577078	0.409839076	0.439040013	0.510559313
0.390322455	0.381213247	0.325938273	0.343160056	0.565863355	0.392856676	0.311860642	0.608701666	0.335140632	0.096603257	0.311860642	0.325938273	0.350404687	0.413446579	0.326890848	0.462699689	0.304416705	0.289456759
0.405270466	0.449096653	0.391230505	0.333410729	0.562143821	0.448767113	0.096603257	0.694512795	0.435046023	0.495408512	0.320810728	0.368910634	0.345143176	0.413446579	0.364667394	0.409103114	0.338600805	0.305256145
0.497232827	0.537806572	0.096603257	0.370972715	0.572854981	0.315788229	0.096603257	0.738148643	0.492436135	0.096603257	0.252154592	0.299193471	0.332492168	0.5422312	0.396802026	0.332861235	0.515901339	0.38885092
0.393622037	0.388106056	0.311929264	0.427062135	0.701974861	0.465284582	0.096603257	0.630759507	0.404173184	0.096603257	0.352059559	0.311929264	0.096603257	0.593349916	0.311929264	0.311929264	0.354693181	0.096603257
0.397446168	0.36175899	0.213896015	0.289088011	0.651061434	0.450869628	0.314675737	0.724075634	0.359471013	0.270356213	0.332676377	0.309149225	0.394507965	0.48888561	0.376750758	0.45155085	0.348546645	0.096603257
0.464581688	0.408228221	0.560993465	0.560993465	0.638306265	0.543870974	0.096603257	0.756168863	0.526280092	0.096603257	0.526280092	0.526280092	0.096603257	0.679232748	0.368057295	0.540198725	0.560993465	0.096603257
0.382723538	0.393726857	0.320557625	0.343347821	0.58643114	0.384811371	0.519873296	0.729494034	0.34546956	0.096603257	0.327608932	0.297672226	0.320557625	0.541548963	0.340112586	0.503682598	0.317198778	0.096603257
0.430843053	0.317923923	0.337962429	0.290615312	0.455648458	0.565607483	0.096603257	0.702981475	0.337962429	0.096603257	0.313459294	0.252154592	0.411989057	0.390693861	0.322746611	0.595201946	0.343382919	0.096603257
0.388188731	0.260395967	0.262401181	0.237100416	0.403932012	0.275316044	0.263778454	0.295977983	0.254452524	0.263778454	0.256228821	0.2533896	0.274310577	0.251867708	0.261481054	0.287687436	0.30438006	0.278534475
0.693422516	0.552287907	0.286180582	0.40295469	0.65349432	0.55246048	0.096603257	0.683101543	0.337962429	0.096603257	0.300285573	0.372628441	0.318923229	0.604754145	0.332053513	0.675700536	0.479606559	0.358990509
0.421435975	0.443325734	0.341720405	0.396226819	0.686540706	0.612059662	0.521425437	0.752074	0.396226819	0.521425437	0.096603257	0.521425437	0.54004139	0.469210371	0.356505693	0.642981323	0.4842349	0.096603257
0.433522756	0.580302457	0.678519811	0.689021451	0.535223533	0.43679518	0.096603257	0.670313579	0.576012137	0.096603257	0.374389737	0.674947799	0.096603257	0.58703684	0.361945563	0.419697543	0.52372487	0.345151283
0.330241454	0.356578162	0.30608918	0.32563494	0.574828443	0.415638378	0.096603257	0.684223505	0.318236967	0.096603257	0.292819797	0.336373111	0.532535572	0.522521205	0.36581768	0.514159303	0.501671173	0.330782263
0.597947322	0.562500142	0.261456511	0.337346829	0.742559193	0.66756527	0.311535242	0.661036202	0.350089576	0.096603257	0.096603257	0.121721548	0.288912364	0.395488033	0.508214331	0.554626786	0.509405619	0.30573422
0.425970373	0.450612967	0.096603257	0.096603257	0.567365807	0.520892842	0.096603257	0.80915326	0.425970373	0.504398376	0.096603257	0.096603257	0.395058254	0.675843513	0.340925916	0.425970373	0.538911675	0.096603257
0.258837889	0.255023814	0.096603257	0.349901379	0.543898047	0.434243695	0.096603257	0.488084708	0.096603257	0.096603257	0.096603257	0.096603257	0.096603257	0.173045222	0.215111073	0.291588936	0.096603257	0.096603257
0.5991552	0.479483238	0.483180085	0.391714201	0.615882545	0.517745114	0.096603257	0.608110629	0.354589694	0.426078596	0.332333845	0.298249728	0.383927187	0.4873637	0.445457508	0.600151331	0.27395969	0.285809473
0.29566198	0.431753571	0.317523546	0.096603257	0.369403588	0.508683148	0.096603257	0.710064849	0.36600633	0.504159738	0.504925108	0.317523546	0.74347861	0.359893951	0.464481502	0.712111153	0.096603257	0.096603257
0.530789629	0.513498092	0.330211573	0.362317365	0.581793419	0.410608447	0.096603257	0.5158643	0.410608447	0.096603257	0.096603257	0.330211573	0.349901379	0.395245855	0.359651151	0.564693881	0.096603257	0.096603257
0.668622222	0.539968075	0.423878959	0.41400625	0.501309655	0.460139859	0.096603257	0.629488888	0.402402789	0.096603257	0.314595628	0.429653151	0.385511973	0.566191725	0.412639612	0.728596436	0.496999442	0.314595628
0.688403373	0.569461522	0.096603257	0.310368488	0.651282334	0.442663586	0.096603257	0.554172756	0.290996939	0.096603257	0.320969713	0.506621735	0.288229946	0.437384837	0.456141073	0.597713635	0.4558109	0.320969713
0.263438933	0.333438389	0.263438933	0.316100852	0.543707811	0.356315557	0.29607332	0.463492293	0.272431092	0.096603257	0.295771544	0.259774853	0.333696379	0.310988674	0.269308031	0.313834627	0.29781673	0.157752402
0.478216208	0.41840762	0.265957893	0.293320124	0.477625969	0.422395499	0.265957893	0.712526436	0.321520961	0.265957893	0.3309104	0.285303422	0.32933126	0.444838471	0.38881997	0.5303486	0.389633835	0.302777503
0.263458739	0.263023044	0.246621418	0.259652062	0.496404206	0.258364977	0.213896015	0.404274673	0.258730819	0.096603257	0.189045605	0.26057537	0.2581849	0.286203405	0.256424184	0.260239244	0.262578413	0.258553186
0.391397387	0.411250932	0.317723574	0.352743598	0.65039025	0.457041953	0.492949495	0.722475918	0.384202056	0.460209507	0.353873562	0.335022114	0.380151088	0.450769268	0.370679145	0.461794223	0.333649566	0.232472382
0.40827895	0.371071957	0.348778952	0.348332121	0.501566096	0.483377491	0.36861989	0.681563853	0.369164785	0.315933366	0.294824585	0.338711588	0.404032872	0.414764106	0.376550734	0.47728251	0.342375092	0.096603257
0.349901379	0.347380304	0.275432221	0.287838688	0.492314672	0.414088264	0.317857928	0.645158239	0.353491421	0.279658888	0.342114013	0.297234865	0.352191938	0.359729639	0.356936618	0.400433243	0.323828838	0.290899326
0.411792486	0.546953997	0.388862342	0.471194562	0.482275511	0.345760952	0.42221117	0.609151225	0.421379674	0.096603257	0.263999618	0.366465762	0.291259542	0.452383348	0.353072232	0.330353434	0.363968286	0.293757748
0.600753722	0.662620637	0.633963649	0.63709953	0.635693562	0.476323804	0.096603257	0.625911646	0.650098621	0.096603257	0.367883564	0.457668789	0.476323804	0.490792594	0.552589867	0.512663892	0.426463262	0.096603257
0.565401441	0.512820328	0.364432927	0.391104119	0.591081212	0.426562467	0.096603257	0.624978959	0.411353766	0.494760096	0.371923827	0.37162273	0.381324376	0.428054543	0.425096962	0.49364745	0.337578082	0.276907208
0.483050568	0.349901379	0.252154592	0.265749102	0.498137582	0.49478972	0.096603257	0.715927216	0.32441433	0.31335478	0.34444048	0.252154592	0.372676348	0.538819745	0.317002869	0.513827413	0.384205334	0.096603257
0.388669093	0.334012482	0.096603257	0.096603257	0.695216546	0.425878356	0.096603257	0.395245855	0.339635004	0.096603257	0.350404687	0.096603257	0.345151283	0.479266598	0.313365524	0.519906402	0.339635004	0.096603257
0.578750075	0.487934023	0.360838389	0.296582042	0.664898911	0.465593553	0.271436011	0.610367272	0.380807507	0.295799653	0.318908686	0.361995855	0.380807507	0.473625219	0.458412269	0.550851635	0.315831361	0.359750598
0.30608918	0.297198671	0.096603257	0.096603257	0.264921872	0.541533088	0.252154592	0.716950598	0.261535656	0.286970596	0.232472382	0.096603257	0.376772882	0.254798982	0.264878517	0.410031248	0.297198671	0.096603257
0.383699438	0.439500047	0.30596611	0.302964247	0.453445688	0.417141477	0.096603257	0.717524909	0.302964247	0.096603257	0.317757473	0.30596611	0.096603257	0.510859777	0.384799406	0.448332538	0.50028908	0.32017375
0.645988135	0.560353683	0.332023175	0.318369955	0.577439456	0.429231431	0.096603257	0.547552064	0.363334382	0.096603257	0.096603257	0.298313707	0.346087701	0.433937258	0.42033766	0.678990227	0.096603257	0.096603257
0.288476712	0.26257846	0.252154592	0.260167715	0.722569297	0.448692684	0.096603257	0.562594381	0.32774498	0.497059086	0.096603257	0.309665996	0.333687746	0.522557604	0.243753847	0.41811203	0.252154592	0.285618753
0.298537562	0.252154592	0.096603257	0.096603257	0.489137313	0.601364176	0.096603257	0.567369458	0.343196797	0.638306265	0.352737982	0.338334312	0.6305675	0.496198913	0.275828487	0.588350826	0.096603257	0.096603257
0.693200288	0.660543714	0.393190361	0.417141477	0.514312572	0.420460116	0.096603257	0.488084708	0.355064471	0.096603257	0.096603257	0.355463644	0.096603257	0.398643422	0.430294767	0.569705233	0.252154592	0.356435191
0.504728575	0.490727431	0.337571047	0.348191126	0.600566317	0.425935648	0.273897648	0.566778547	0.414873869	0.273897648	0.345415613	0.33337183	0.346181748	0.41961944	0.391749041	0.452447936	0.304368812	0.303471911
0.366954284	0.411558789	0.428941229	0.407309784	0.732029954	0.341720405	0.096603257	0.642327864	0.376666151	0.096603257	0.30596611	0.429754037	0.32017375	0.746980933	0.324335514	0.369723117	0.497001881	0.213896015
0.679476212	0.665546456	0.459334664	0.490569913	0.556928137	0.43679518	0.096603257	0.313459294	0.490569913	0.096603257	0.309697155	0.403968403	0.309697155	0.349901379	0.556928137	0.498269706	0.159418394	0.309697155
0.382764614	0.449375695	0.375116788	0.347177324	0.582858523	0.343242032	0.096603257	0.64206411	0.41205924	0.096603257	0.096603257	0.43679518	0.314059821	0.164598051	0.529204899	0.306826559	0.096603257	0.096603257
0.545848941	0.500658168	0.291171373	0.273756017	0.509546259	0.416693772	0.096603257	0.423307083	0.375289271	0.096603257	0.272923894	0.16185664	0.358424006	0.284896296	0.458922699	0.374088354	0.331473277	0.267706904
0.488628471	0.505924423	0.371567216	0.405584287	0.649062124	0.422403986	0.323808466	0.610951404	0.430743541	0.4221675	0.338205769	0.326413373	0.350994451	0.446090551	0.419225819	0.457646685	0.30735829	0.266701838
0.557150036	0.418186434	0.096603257	0.497232827	0.740756021	0.626210545	0.38885092	0.659706428	0.471183977	0.497001881	0.432307881	0.367263381	0.517875187	0.590860815	0.41178087	0.668098378	0.358909207	0.293140245
0.55323681	0.424583176	0.284740752	0.309654583	0.614673527	0.551791689	0.296187537	0.682249018	0.341233225	0.303741026	0.319064846	0.309654583	0.410229993	0.427216362	0.379377195	0.635136623	0.332180495	0.309654583
0.528121467	0.605337442	0.345397181	0.345397181	0.57078926	0.487027978	0.318557296	0.610423869	0.468540342	0.273569657	0.358288658	0.281991659	0.42837531	0.383983068	0.536354498	0.559902527	0.285803237	0.096603257
0.47083613	0.405116534	0.329333774	0.323972506	0.556858971	0.396908497	0.261055377	0.648942042	0.343053532	0.317084728	0.358862434	0.335505364	0.362944858	0.433663403	0.378149186	0.505444303	0.346981591	0.315791088
0.672121294	0.581567754	0.288229946	0.335881118	0.414854088	0.369541077	0.096603257	0.644410657	0.39634349	0.096603257	0.322829399	0.310368488	0.296563568	0.456565227	0.399515262	0.447624408	0.473549503	0.434565939
0.369147374	0.357714922	0.370273448	0.364850626	0.57249864	0.415000075	0.494760096	0.640146028	0.353618446	0.304351097	0.315051858	0.420922394	0.329364892	0.480903633	0.330601748	0.484629727	0.325585035	0.275125388
0.538806758	0.548319019	0.544965054	0.635617126	0.531459658	0.350205453	0.096603257	0.604754145	0.558037787	0.096603257	0.096603257	0.510357349	0.350205453	0.444113781	0.350205453	0.50629286	0.529204899	0.096603257
0.415246952	0.393794234	0.31341069	0.354665655	0.674757442	0.394487335	0.270856793	0.592183374	0.32605423	0.096603257	0.311239286	0.32179664	0.315695477	0.484990301	0.327910793	0.47214838	0.320598475	0.321530297
0.455876307	0.314597837	0.273927453	0.273927453	0.294852685	0.305511513	0.096603257	0.535828423	0.327147051	0.096603257	0.379138396	0.273927453	0.305511513	0.268754457	0.327147051	0.42713815	0.308421217	0.349309878
0.555770231	0.462164667	0.352259432	0.355187815	0.511101828	0.426285673	0.361360335	0.604606727	0.39553273	0.275909756	0.280116212	0.34940295	0.365725215	0.366707817	0.459804173	0.450689841	0.367701268	0.308915198
0.640255784	0.485822962	0.385638541	0.354385962	0.481797146	0.556909091	0.096603257	0.644631634	0.266919524	0.503065287	0.328103231	0.315988005	0.516665125	0.387229228	0.519751306	0.617425251	0.353609782	0.315988005
0.741283183	0.523418018	0.447905701	0.355438184	0.581896261	0.635979402	0.096603257	0.539968075	0.388758556	0.096603257	0.424218367	0.447905701	0.325178791	0.45849774	0.44702924	0.626059808	0.366447132	0.421150389
0.361693735	0.327933127	0.360307368	0.374262409	0.427517301	0.277364548	0.096603257	0.508712164	0.304155241	0.096603257	0.252154592	0.323626336	0.287998706	0.349901379	0.282986726	0.304192134	0.338721513	0.324607409
0.52708989	0.613065365	0.585786667	0.540912013	0.4743833	0.252154592	0.540912013	0.741910577	0.627911598	0.096603257	0.096603257	0.540912013	0.451061632	0.361712492	0.637400783	0.585786667	0.350404687	0.096603257
0.561339354	0.665139471	0.483050568	0.472869975	0.481041257	0.481901545	0.096603257	0.6230762	0.564733979	0.096603257	0.34444048	0.361231558	0.361231558	0.488064669	0.483050568	0.440105672	0.324600002	0.096603257
0.544328436	0.586473853	0.519712672	0.523870614	0.672913183	0.700151672	0.309715799	0.688347939	0.558826964	0.520748146	0.533717117	0.425361408	0.610928944	0.575093961	0.576856085	0.667027131	0.519535318	0.096603257
0.323569011	0.409482141	0.316426293	0.445701006	0.719691673	0.336281272	0.280148976	0.652950817	0.367268575	0.096603257	0.306707028	0.316529101	0.503377438	0.487114229	0.433480979	0.396854199	0.479605678	0.496445894
0.436414574	0.465637062	0.381577031	0.397074276	0.586682723	0.502806858	0.494473967	0.628943761	0.44445121	0.470240074	0.364453194	0.396105354	0.418791643	0.499511967	0.466208319	0.545187747	0.426726397	0.310160821
0.592016074	0.485023039	0.096603257	0.096603257	0.65950075	0.348890998	0.096603257	0.605608638	0.340700438	0.096603257	0.595140366	0.096603257	0.096603257	0.350981738	0.582243607	0.592016074	0.52768888	0.096603257
0.44603917	0.482319562	0.353362405	0.410176442	0.419376506	0.419378331	0.096603257	0.659589863	0.353362405	0.096603257	0.096603257	0.330555153	0.274752211	0.321480189	0.388669093	0.379795693	0.347447069	0.323693405
0.414462021	0.330241454	0.346562492	0.275639092	0.421067037	0.462257767	0.096603257	0.677176919	0.394699192	0.37628085	0.252198831	0.096603257	0.55847689	0.476501752	0.470765181	0.588587495	0.159445058	0.27367945
0.622272227	0.505204857	0.413698569	0.457567284	0.53687603	0.444359351	0.096603257	0.636665618	0.468540342	0.096603257	0.31569916	0.385220101	0.385220101	0.490958595	0.261919203	0.281133114	0.448585114	0.305511513
0.489769448	0.429219032	0.309573449	0.353713891	0.591131192	0.51522753	0.096603257	0.735284099	0.356530644	0.377677637	0.316677	0.301100387	0.363221766	0.464398389	0.353713891	0.503132748	0.387607263	0.500621293
0.398643422	0.705796035	0.5073111	0.599171935	0.634690252	0.321234767	0.096603257	0.711580485	0.684843674	0.096603257	0.321234767	0.578030836	0.53640066	0.743610048	0.096603257	0.53640066	0.313909474	0.096603257
0.713528913	0.520508596	0.096603257	0.540912013	0.506203539	0.585786667	0.096603257	0.636665618	0.44102049	0.096603257	0.540912013	0.513690971	0.540912013	0.673384351	0.307561186	0.44102049	0.513690971	0.096603257
0.353089607	0.510082605	0.463303274	0.545443559	0.740745527	0.325800661	0.096603257	0.701234426	0.545443559	0.552848993	0.096603257	0.694417823	0.510248361	0.616300562	0.292819797	0.510248361	0.571496504	0.325800661
0.460769319	0.423740605	0.321480189	0.314019627	0.498333228	0.323318763	0.096603257	0.383699438	0.508272734	0.096603257	0.349901379	0.392754786	0.352737982	0.415927133	0.32462468	0.321480189	0.096603257	0.096603257
0.731585185	0.564577307	0.355463644	0.383699438	0.615200045	0.53917935	0.096603257	0.565756305	0.409070072	0.096603257	0.268391728	0.096603257	0.356435191	0.355064471	0.355463644	0.506608455	0.096603257	0.096603257
0.513958602	0.45155085	0.361945563	0.450760671	0.611704049	0.422492233	0.096603257	0.604993074	0.43679518	0.096603257	0.427948511	0.410752666	0.401267719	0.544678622	0.551504266	0.452957069	0.453735713	0.43133943
0.74517847	0.395469548	0.510559313	0.096603257	0.487283923	0.545175074	0.096603257	0.559853456	0.448266216	0.096603257	0.423476062	0.096603257	0.369769307	0.350433164	0.512129642	0.707869884	0.359404693	0.439040013
0.664620781	0.46952469	0.165538776	0.252154592	0.468540342	0.508425158	0.096603257	0.426481142	0.276382579	0.096603257	0.273890268	0.165538776	0.29158582	0.305265277	0.430239172	0.667138765	0.273890268	0.265122291
0.466934718	0.391218487	0.294487775	0.338814812	0.584402383	0.391218487	0.096603257	0.703611932	0.316397878	0.096603257	0.313298345	0.294487775	0.326878278	0.485726358	0.35248635	0.497568322	0.357672136	0.320004628
0.509860619	0.395245855	0.133934616	0.145211339	0.603018923	0.449203834	0.096603257	0.516207691	0.096603257	0.096603257	0.347236957	0.133934616	0.096603257	0.347177324	0.473052105	0.523253765	0.459717523	0.096603257
0.311625026	0.441073388	0.308969206	0.419899627	0.655495536	0.352737982	0.312948468	0.623647856	0.408899193	0.096603257	0.284120904	0.316040142	0.261872073	0.421836967	0.349901379	0.32551186	0.3583213	0.126072791
0.488802858	0.425657388	0.096603257	0.319253334	0.591996613	0.488980789	0.465284582	0.66512206	0.361001695	0.096603257	0.534824821	0.096603257	0.465284582	0.504421412	0.591996613	0.504047871	0.534388399	0.465284582
0.396241113	0.347709208	0.312316652	0.345980445	0.460014522	0.304608986	0.096603257	0.495376548	0.302012269	0.096603257	0.096603257	0.295090679	0.260875736	0.349572607	0.330075946	0.415687347	0.337852244	0.268820905
0.62852974	0.637610762	0.54467762	0.552247871	0.632752233	0.507008454	0.096603257	0.634741428	0.614563564	0.096603257	0.47520762	0.504829722	0.469370689	0.526707224	0.554777503	0.596187747	0.493288461	0.495603496
0.554337676	0.579745397	0.372628441	0.384296644	0.589969308	0.466796703	0.311377663	0.744509822	0.407268007	0.277937859	0.288648356	0.343382919	0.40718924	0.554718004	0.532544807	0.468251607	0.452431721	0.275429367
0.360317047	0.383452434	0.096603257	0.096603257	0.693827883	0.454556441	0.096603257	0.513128683	0.357872959	0.096603257	0.168563821	0.096603257	0.498328827	0.353089607	0.383452434	0.489475838	0.501671173	0.274006858
0.619510442	0.568503915	0.370181518	0.426226407	0.637524188	0.519023244	0.096603257	0.596425787	0.361069037	0.096603257	0.451424885	0.450612967	0.450612967	0.431915266	0.444292246	0.565372331	0.132156558	0.317857928
0.496227732	0.290439166	0.096603257	0.173045222	0.341771387	0.53640066	0.096603257	0.6068167	0.241588677	0.096603257	0.215111073	0.096603257	0.096603257	0.307561186	0.215132023	0.349901379	0.349901379	0.096603257
0.685449772	0.756024404	0.498438847	0.568732665	0.601475455	0.560993465	0.096603257	0.418509412	0.647262018	0.096603257	0.096603257	0.517974868	0.526280092	0.504974439	0.68748361	0.518660919	0.096603257	0.096603257
0.294491426	0.340435818	0.334053336	0.30908264	0.454269248	0.336486316	0.096603257	0.488267065	0.376605761	0.096603257	0.280111494	0.252154592	0.279544946	0.267172448	0.283277923	0.316417867	0.278126424	0.124149602
0.524922324	0.590420724	0.373896571	0.458722768	0.71201593	0.419193282	0.096603257	0.501739562	0.577164605	0.096603257	0.43155112	0.350889533	0.412797651	0.427948511	0.366268468	0.401267719	0.096603257	0.289456759
0.65915248	0.53855835	0.096603257	0.096603257	0.501949137	0.663525898	0.096603257	0.73236339	0.096603257	0.096603257	0.323318763	0.096603257	0.469695697	0.323318763	0.096603257	0.526280092	0.53855835	0.096603257
0.53655584	0.447584511	0.096603257	0.096603257	0.378670111	0.637931673	0.096603257	0.741115411	0.50586231	0.440187823	0.289456759	0.096603257	0.531823904	0.442479133	0.445498747	0.739192767	0.327877585	0.096603257
0.337962429	0.349901379	0.343382919	0.357949575	0.626426233	0.522539783	0.583041391	0.709969387	0.332053513	0.096603257	0.096603257	0.307146216	0.372628441	0.445267307	0.307146216	0.372628441	0.252154592	0.522539783
0.629991682	0.413446579	0.329266376	0.353649399	0.604648328	0.460393693	0.096603257	0.652843999	0.355831019	0.096603257	0.464567775	0.329266376	0.311806728	0.464191726	0.399185517	0.64015386	0.416472098	0.329266376
0.396801446	0.380404579	0.497962334	0.274416913	0.54362501	0.54114134	0.437494915	0.757106873	0.546967895	0.449667201	0.318369955	0.472148005	0.552137424	0.642065487	0.425876803	0.525908318	0.424959414	0.096603257
0.39234872	0.441073388	0.357354791	0.341453722	0.563982393	0.432143913	0.441435741	0.541392867	0.341453722	0.096603257	0.301100387	0.308116716	0.306050183	0.427853505	0.376605761	0.488482499	0.322266009	0.336141411
0.59466115	0.559493188	0.265170147	0.268111142	0.617626533	0.380492489	0.096603257	0.491460097	0.307997507	0.096603257	0.497939654	0.300483742	0.50919598	0.437494915	0.632960502	0.429219032	0.406589437	0.32456515
0.58075907	0.654354758	0.64463606	0.617766881	0.740141773	0.529656765	0.096603257	0.599994126	0.707401982	0.502680881	0.33563856	0.468777237	0.570055069	0.499531491	0.598277866	0.657066444	0.301533203	0.096603257
0.493382166	0.460788909	0.302457274	0.311806728	0.51267678	0.481740044	0.314228023	0.576645614	0.369527183	0.285185823	0.286024069	0.27063684	0.362078201	0.408600865	0.43679518	0.523317368	0.320863558	0.157752402
0.514506804	0.415276429	0.314101929	0.328360282	0.69841741	0.425216015	0.096603257	0.568494369	0.359017459	0.096603257	0.316446086	0.329421564	0.30365186	0.700240153	0.360965733	0.484705956	0.290565189	0.261456511
0.614630443	0.381986164	0.303948775	0.288673818	0.319085724	0.466301215	0.288673818	0.445737189	0.311060741	0.096603257	0.360307368	0.303948775	0.252154592	0.311558531	0.368748845	0.444859658	0.288673818	0.321430834
0.383693254	0.380243573	0.317495754	0.315326131	0.60881492	0.400680891	0.360019573	0.721912978	0.329932002	0.313284473	0.307049586	0.314682442	0.334298126	0.485529564	0.342694281	0.418776194	0.336679183	0.297152804
0.449338534	0.418139912	0.334577659	0.346439265	0.563831372	0.489801214	0.520602887	0.73933967	0.329895527	0.096603257	0.301325876	0.502680881	0.356886115	0.462326697	0.302012269	0.493062148	0.462326697	0.272980953
0.43679518	0.16853815	0.096603257	0.096603257	0.508998833	0.359651151	0.096603257	0.649008084	0.096603257	0.252154592	0.470572486	0.096603257	0.470572486	0.485664239	0.349901379	0.602563185	0.096603257	0.096603257
0.64866569	0.642189921	0.475952864	0.501883905	0.578163033	0.429205587	0.096603257	0.648793371	0.518519997	0.096603257	0.3583213	0.485131146	0.386473125	0.434394514	0.506502679	0.527704412	0.371787984	0.318557296
0.585305008	0.36290047	0.308421217	0.308421217	0.558417992	0.491460097	0.096603257	0.579588966	0.389014144	0.40063047	0.386138361	0.275031039	0.49261546	0.417356161	0.430756684	0.619595421	0.308421217	0.3491484
0.545195043	0.664292972	0.569306614	0.520989835	0.628912173	0.607973911	0.096603257	0.751464041	0.607602983	0.096603257	0.122415452	0.455531411	0.387520311	0.711336801	0.522751247	0.371095214	0.522661651	0.496213808
0.70305517	0.608866047	0.37628085	0.37628085	0.556385638	0.425878356	0.096603257	0.644132629	0.346562492	0.096603257	0.309697155	0.37628085	0.096603257	0.534515246	0.459334664	0.679949522	0.341397553	0.309697155
0.439749312	0.424811135	0.356299934	0.274446409	0.687048452	0.431846545	0.283523499	0.684460495	0.366420775	0.293944481	0.305360751	0.305769217	0.362824288	0.448495734	0.390127965	0.442176411	0.281238756	0.280547666
0.530447972	0.468540342	0.449153374	0.496992476	0.611812891	0.505212528	0.096603257	0.616293277	0.454611909	0.096603257	0.296781233	0.455747587	0.378302731	0.494638799	0.398743538	0.679500165	0.378302731	0.096603257
0.429219032	0.434243695	0.299885976	0.299885976	0.714343122	0.268391728	0.096603257	0.660543714	0.398643422	0.096603257	0.393190361	0.299885976	0.299885976	0.586800387	0.252154592	0.383699438	0.356435191	0.096603257
0.502275703	0.370247467	0.286292164	0.113366454	0.568251094	0.650439292	0.32232098	0.732763233	0.307273648	0.319690191	0.286292164	0.096603257	0.3703994	0.40859296	0.332385388	0.643700127	0.356158436	0.268118348
0.53097979	0.549310159	0.313469501	0.261629573	0.492445593	0.43934249	0.440700078	0.7219186	0.560923595	0.096603257	0.313469501	0.363274706	0.505257053	0.492380675	0.407846848	0.48114178	0.285596106	0.12286372
0.537018213	0.483615551	0.308996585	0.318510945	0.584264003	0.475947062	0.453703348	0.643404899	0.367083445	0.287442702	0.357585035	0.296187831	0.38055083	0.393738514	0.45763375	0.530976909	0.331324266	0.268185752
0.493424027	0.516942935	0.323693405	0.323693405	0.459023209	0.468833193	0.096603257	0.419376506	0.293723944	0.295493291	0.323693405	0.336208088	0.295493291	0.407983926	0.400910183	0.507380802	0.260209891	0.333236124
0.43389572	0.431374382	0.332994579	0.27450852	0.673384351	0.374216438	0.096603257	0.747681102	0.347785138	0.096603257	0.341799193	0.096603257	0.332994579	0.613148147	0.341799193	0.321773675	0.553343745	0.096603257
0.44513672	0.363599298	0.333958689	0.211277833	0.321480189	0.561474742	0.096603257	0.709077488	0.407983926	0.096603257	0.334683828	0.302781931	0.45849774	0.435830692	0.262522122	0.535672485	0.337392168	0.273443566
0.357166665	0.436439153	0.312512048	0.096603257	0.496329081	0.349901379	0.096603257	0.579366319	0.096603257	0.096603257	0.273412254	0.52768888	0.563355508	0.345079999	0.462641792	0.55910894	0.494293727	0.348890998
0.497664263	0.429219032	0.291264036	0.325775833	0.607073918	0.349901379	0.096603257	0.645910358	0.315526952	0.096603257	0.322401884	0.291264036	0.325261271	0.553169866	0.315526952	0.635659327	0.340700438	0.291264036
0.534388399	0.534388399	0.096603257	0.096603257	0.531459658	0.650098621	0.534388399	0.738543489	0.352059559	0.574655452	0.352059559	0.096603257	0.480148641	0.352059559	0.27714452	0.549739953	0.096603257	0.319253334
0.459472064	0.583434754	0.219644189	0.219644189	0.520690769	0.604754145	0.096603257	0.611666434	0.398743538	0.096603257	0.368024305	0.219644189	0.32462468	0.252234147	0.277968738	0.383699438	0.316040142	0.53855835
0.396386677	0.349547331	0.337392168	0.366447132	0.744102535	0.331920234	0.096603257	0.564960164	0.366447132	0.096603257	0.096603257	0.337392168	0.096603257	0.700404218	0.096603257	0.325178791	0.337392168	0.096603257
0.692838819	0.429632627	0.096603257	0.252154592	0.337377985	0.472601823	0.096603257	0.572384649	0.329913701	0.305627352	0.378118664	0.096603257	0.396391395	0.35833429	0.497405703	0.657156618	0.391687993	0.287553794
0.569462831	0.555105373	0.585786667	0.517820385	0.721620902	0.380492489	0.096603257	0.638169106	0.41429599	0.096603257	0.32456515	0.585786667	0.50919598	0.51995331	0.39548199	0.535223533	0.351608597	0.368887179
0.483768824	0.468540342	0.348890998	0.348890998	0.349901379	0.483768824	0.096603257	0.73867443	0.348890998	0.096603257	0.340700438	0.348890998	0.312512048	0.470353159	0.37716824	0.574980058	0.547652378	0.52768888
0.65490742	0.615172303	0.403754063	0.372867437	0.572316029	0.591303122	0.096603257	0.641146985	0.462155044	0.307647269	0.549628701	0.462318501	0.486954954	0.517239519	0.645724284	0.684618477	0.50489785	0.480853871
0.290783191	0.370246286	0.369092548	0.363048778	0.669758546	0.417141477	0.330656062	0.555754822	0.349030382	0.096603257	0.289655859	0.339104659	0.316845325	0.386013139	0.285041203	0.416962789	0.313149246	0.313149246
0.486309029	0.564336147	0.361945563	0.404245477	0.501947259	0.349901379	0.096603257	0.564336147	0.252154592	0.096603257	0.308395558	0.361945563	0.252154592	0.404245477	0.313661113	0.511961367	0.391954623	0.345151283
0.537358438	0.430248407	0.16703495	0.269093073	0.635366983	0.438095234	0.096603257	0.60046087	0.264387483	0.310497519	0.333168072	0.330437341	0.289069794	0.380111231	0.454404088	0.432889563	0.34267771	0.267971297
0.651126781	0.55667732	0.323693405	0.348873219	0.561326622	0.442997949	0.096603257	0.422835395	0.468833193	0.096603257	0.514733901	0.302097689	0.38791101	0.309702177	0.570780968	0.539968075	0.318929534	0.096603257
0.618914403	0.582370776	0.445400202	0.437237465	0.622907609	0.597825913	0.426292783	0.754245742	0.492626609	0.464980829	0.422940041	0.295721209	0.503565352	0.543804763	0.511352199	0.618086431	0.501887544	0.407069234
0.431981123	0.413294272	0.314092452	0.316621742	0.563442035	0.431218458	0.366818456	0.677155774	0.367233413	0.383558977	0.30598999	0.300613529	0.38105291	0.44884522	0.369614033	0.47123196	0.329896058	0.291689082
0.540398046	0.675282814	0.612526327	0.652167681	0.683956828	0.433584859	0.096603257	0.591285687	0.577607404	0.264932482	0.293408525	0.556001917	0.286266732	0.564251179	0.457342084	0.378942599	0.426352583	0.422631101
0.386153443	0.467130316	0.332816403	0.350845137	0.518951462	0.361001695	0.278126424	0.571845857	0.406816414	0.452857812	0.30573422	0.343119264	0.34940646	0.523701803	0.329144441	0.470884636	0.322907611	0.31857728
0.55252149	0.546744274	0.556177759	0.450141203	0.620204307	0.542335606	0.431104535	0.74014994	0.570780968	0.431104535	0.391567832	0.096603257	0.385448976	0.469098905	0.559268006	0.53857963	0.411417638	0.356732655
0.693683873	0.451126431	0.096603257	0.285081319	0.580681475	0.473822009	0.096603257	0.511127947	0.298671489	0.096603257	0.096603257	0.096603257	0.382764614	0.416429229	0.411357116	0.70264881	0.476403138	0.338741122
0.6284519	0.462644493	0.325555377	0.325555377	0.493391062	0.598159164	0.096603257	0.681824095	0.096603257	0.096603257	0.540912013	0.325555377	0.096603257	0.401267719	0.278493317	0.673821497	0.401267719	0.325555377
0.599954015	0.481339081	0.506950977	0.321430834	0.531291901	0.494730778	0.096603257	0.660928917	0.506950977	0.096603257	0.524614136	0.096603257	0.347679086	0.43478033	0.488782202	0.739276193	0.321430834	0.437403569
0.417309352	0.410116261	0.301106063	0.329271895	0.55112869	0.492269879	0.373450186	0.746388796	0.407357918	0.344321327	0.310106972	0.369036501	0.473905868	0.578128483	0.432484547	0.49982854	0.384765956	0.315399226
0.42680333	0.26472398	0.290252781	0.254615944	0.433378839	0.401543406	0.299863709	0.493966746	0.264827416	0.096603257	0.414552881	0.324400426	0.351655158	0.374088354	0.426765484	0.456744983	0.299863709	0.096603257
0.54388572	0.412016635	0.281946384	0.298072964	0.496223796	0.475770311	0.096603257	0.588883613	0.343239312	0.275482912	0.364894406	0.267338355	0.356013416	0.441796522	0.421736008	0.623716795	0.311210428	0.281960951
0.493074015	0.39749972	0.361196164	0.315040761	0.429248502	0.50507343	0.096603257	0.724461208	0.340512031	0.405237296	0.295908527	0.27573672	0.412685876	0.511862624	0.368317385	0.578484198	0.361310265	0.328610653
0.484990301	0.510150278	0.382764614	0.483738933	0.582754468	0.545334766	0.096603257	0.736360504	0.441870311	0.096603257	0.508390736	0.382764614	0.350205453	0.491609264	0.380754905	0.590537986	0.398174428	0.306826559
0.328047912	0.383699438	0.278493317	0.278493317	0.582858523	0.44102049	0.096603257	0.700404218	0.281193122	0.472148005	0.278493317	0.278493317	0.472148005	0.383699438	0.309321703	0.450689841	0.096603257	0.540912013
0.584332558	0.51433456	0.332088622	0.438021769	0.726147186	0.359746126	0.096603257	0.469632736	0.395823912	0.096603257	0.286407722	0.328707011	0.302485883	0.494943733	0.431125583	0.435150356	0.329357912	0.338807679
0.554262211	0.510464845	0.279342489	0.302505173	0.442785861	0.580389871	0.276597781	0.741646252	0.350709615	0.411270404	0.350860427	0.096603257	0.489146501	0.432442041	0.38725054	0.570897163	0.480164903	0.441435741
0.51477321	0.430779083	0.096603257	0.096603257	0.731095122	0.637768466	0.096603257	0.7394815	0.362052892	0.096603257	0.354550188	0.096603257	0.413065578	0.418310902	0.338334312	0.597523282	0.416565246	0.3583213
0.551895218	0.423762323	0.304973161	0.297350134	0.462350532	0.50799049	0.277239045	0.673677909	0.328891927	0.495439589	0.297350134	0.315059275	0.387621664	0.419015106	0.476642928	0.558928245	0.320022336	0.305299503
0.497579978	0.566570938	0.454169821	0.541436321	0.73843304	0.512680373	0.096603257	0.61274946	0.42320783	0.096603257	0.296050889	0.46854421	0.512680373	0.740093207	0.321577353	0.471112309	0.096603257	0.096603257
0.736977825	0.579019165	0.096603257	0.096603257	0.447151007	0.550341181	0.096603257	0.650317182	0.322612326	0.096603257	0.096603257	0.096603257	0.383737816	0.399029562	0.317757473	0.684752785	0.370972715	0.429754037
0.424363263	0.404844641	0.096603257	0.096603257	0.593868191	0.56320482	0.096603257	0.713143052	0.096603257	0.096603257	0.540912013	0.096603257	0.350404687	0.45155085	0.274436346	0.662211199	0.363334382	0.096603257
0.634603714	0.528082662	0.330994639	0.329814426	0.512005571	0.431886479	0.252154592	0.431071585	0.376605761	0.261905068	0.312348264	0.283326047	0.303124076	0.286248115	0.408486921	0.48753826	0.32248675	0.284592125
0.521685268	0.523253765	0.352350812	0.409935042	0.492240997	0.3720021	0.096603257	0.54676749	0.391568659	0.096603257	0.273854622	0.326999674	0.306826559	0.349901379	0.425064617	0.53168657	0.29060758	0.252154592
0.325514093	0.264924797	0.342342677	0.349794146	0.313494529	0.406433753	0.096603257	0.739743981	0.37514773	0.096603257	0.322404424	0.282633526	0.450754411	0.374088354	0.398460454	0.568755613	0.370705187	0.319300677
0.639990657	0.477750102	0.096603257	0.096603257	0.268931959	0.405649325	0.096603257	0.581002275	0.096603257	0.096603257	0.319253334	0.096603257	0.096603257	0.252154592	0.475779384	0.563909104	0.357370034	0.252154592
0.52297208	0.479320603	0.513894769	0.539707791	0.735304405	0.509282148	0.096603257	0.499272781	0.457387762	0.584080985	0.096603257	0.331095978	0.456852459	0.467776797	0.359862144	0.508446119	0.331095978	0.564733979
0.468105414	0.422773164	0.340504584	0.313938084	0.524846542	0.579874315	0.096603257	0.685085127	0.30366115	0.096603257	0.349054358	0.340504584	0.434758611	0.439275717	0.42797701	0.576012137	0.096603257	0.287384387
0.489598375	0.635426211	0.354378812	0.410375566	0.667525899	0.373450001	0.495568809	0.46999498	0.453729682	0.096603257	0.322570427	0.349197205	0.315790378	0.445960454	0.394112913	0.417141477	0.096603257	0.270288016
0.645881991	0.565479298	0.289061354	0.311060741	0.342923545	0.355149912	0.272950595	0.515820614	0.32319166	0.272950595	0.349481779	0.274952299	0.353033063	0.320424241	0.750916381	0.547566392	0.288673818	0.274952299
0.514826038	0.568925545	0.391887511	0.40686634	0.289113482	0.357545734	0.308255573	0.734790362	0.449874578	0.096603257	0.252154592	0.383801027	0.400103782	0.530148989	0.40329684	0.407206658	0.475618188	0.272219071
0.536444654	0.540723245	0.319877483	0.413697807	0.740279098	0.422242598	0.096603257	0.528365182	0.454056404	0.096603257	0.360198514	0.361733703	0.309672285	0.54670767	0.414305308	0.448750913	0.325478116	0.494667514
0.500498589	0.304901306	0.548444831	0.548444831	0.582858523	0.648379121	0.096603257	0.737443796	0.389438534	0.096603257	0.319253334	0.096603257	0.548444831	0.328422808	0.361001695	0.719860767	0.096603257	0.504421412
0.299595782	0.283811452	0.138624648	0.213896015	0.387951528	0.307302522	0.096603257	0.615690726	0.270493031	0.309966475	0.121940174	0.252154592	0.262003889	0.362674919	0.306137002	0.31944866	0.328530601	0.096603257
0.669608021	0.580762768	0.443174061	0.502440632	0.75203862	0.55829989	0.096603257	0.555449726	0.390406207	0.515518373	0.414365901	0.490476071	0.583472849	0.616021815	0.483591216	0.593818151	0.331554241	0.096603257
0.482660481	0.355461169	0.301025466	0.283146613	0.487539095	0.39640131	0.276506438	0.491183951	0.371029569	0.106902097	0.372466178	0.2957177	0.35340752	0.321423469	0.442699867	0.489472944	0.315313064	0.266994667
0.505962215	0.510084619	0.096603257	0.315988005	0.450061505	0.358901657	0.096603257	0.565192356	0.365716354	0.313428417	0.390499888	0.096603257	0.465216756	0.265180225	0.738426404	0.574568399	0.447419684	0.096603257
0.267743237	0.363606838	0.252154592	0.300177962	0.559985955	0.406433753	0.322152754	0.676437662	0.321649422	0.273103816	0.275363993	0.300242899	0.337730434	0.47666229	0.308053504	0.379795693	0.330113756	0.096603257
0.555123652	0.52311893	0.355064471	0.355064471	0.43289854	0.52311893	0.096603257	0.376949782	0.355064471	0.096603257	0.349901379	0.349901379	0.096603257	0.321234767	0.393190361	0.532576441	0.096603257	0.321234767
0.736748903	0.717097398	0.45646635	0.458173222	0.698232977	0.375691919	0.096603257	0.511026582	0.438339962	0.282307682	0.286180582	0.411596243	0.310466516	0.49382982	0.359339076	0.55208442	0.362178609	0.096603257
0.425657388	0.352059559	0.096603257	0.096603257	0.450689841	0.393622037	0.096603257	0.8021563	0.427062135	0.096603257	0.096603257	0.096603257	0.393622037	0.581002275	0.349901379	0.393622037	0.096603257	0.096603257
0.540182591	0.505847464	0.142784291	0.195002222	0.422773164	0.511574234	0.096603257	0.6279979	0.252154592	0.096603257	0.519162352	0.096603257	0.447584511	0.362661299	0.752442416	0.559922536	0.518018734	0.096603257
0.336204698	0.419906749	0.328799079	0.316560782	0.471637698	0.428864515	0.336892094	0.641268913	0.350067017	0.283793735	0.272661055	0.321513612	0.345247474	0.420825358	0.350503006	0.399670948	0.302051743	0.282261117
0.369004469	0.5127796	0.459952837	0.49653545	0.723577923	0.378741865	0.096603257	0.646796309	0.503919537	0.096603257	0.108381347	0.465095065	0.365204541	0.726875383	0.294958711	0.34333578	0.275224356	0.303522276
0.345750548	0.4417135	0.377258191	0.437705786	0.608183623	0.424059283	0.399414149	0.738868121	0.382516002	0.404487446	0.346458728	0.528951435	0.411955971	0.556145249	0.32017375	0.406580195	0.389177539	0.459843885
0.644132629	0.565845759	0.455102523	0.455102523	0.581370127	0.663525898	0.096603257	0.748833029	0.096603257	0.096603257	0.341566769	0.096603257	0.436033684	0.370587364	0.383699438	0.542215392	0.558773449	0.336110149
0.547042931	0.461534997	0.325739958	0.298313707	0.4311011	0.527851995	0.096603257	0.740226388	0.328047912	0.096603257	0.429120175	0.325555377	0.360392894	0.328047912	0.404844641	0.571387487	0.346087701	0.515224206
0.531775199	0.477077197	0.437337917	0.353858695	0.577412291	0.500957505	0.305993942	0.672484785	0.343638842	0.319532901	0.376658116	0.319532901	0.355473184	0.393497635	0.442826193	0.539299711	0.388048457	0.386518307
0.668324923	0.408788267	0.322655448	0.322655448	0.410784746	0.589152263	0.096603257	0.709750402	0.354637333	0.295521186	0.344915054	0.096603257	0.396420744	0.345794047	0.391263595	0.53189705	0.389159188	0.340551455
0.58164072	0.651519545	0.362320129	0.445748728	0.523353323	0.42309906	0.096603257	0.64171791	0.533754902	0.096603257	0.260167715	0.353087746	0.445204418	0.453595137	0.463991249	0.469099194	0.439870603	0.311245628
0.377238678	0.398398108	0.426658314	0.444210391	0.598415806	0.287857581	0.096603257	0.669158372	0.347903806	0.096603257	0.132559164	0.426988059	0.341720405	0.565372331	0.383699438	0.444818176	0.317757473	0.336547249
0.664585191	0.583447808	0.360392894	0.360392894	0.483893968	0.623394239	0.096603257	0.678318993	0.360392894	0.096603257	0.540912013	0.360392894	0.096603257	0.483893968	0.363334382	0.73267667	0.513690971	0.540912013
0.608127586	0.510432626	0.35763358	0.402687434	0.480061221	0.417141477	0.096603257	0.581337837	0.356587429	0.096603257	0.303791794	0.35763358	0.338677059	0.398747785	0.433248284	0.61968678	0.349901379	0.096603257
0.377750616	0.397278913	0.281199156	0.350205453	0.560729112	0.385201759	0.314059821	0.715302145	0.343242032	0.252154592	0.361214497	0.361504764	0.329266376	0.442058677	0.3720021	0.393444166	0.333877469	0.096603257
0.30608918	0.343564623	0.306909558	0.291233985	0.584018108	0.446921921	0.42801207	0.718343428	0.364528915	0.442101424	0.34336422	0.352737982	0.329664478	0.417141477	0.402691761	0.476288118	0.350244333	0.096603257
0.287646354	0.261550053	0.096603257	0.307457403	0.429219032	0.510694188	0.096603257	0.718828445	0.349901379	0.096603257	0.096603257	0.096603257	0.356435191	0.45159741	0.321234767	0.307457403	0.307457403	0.096603257
0.507706141	0.421086596	0.096603257	0.41705621	0.65669305	0.404245477	0.096603257	0.534054361	0.34444048	0.096603257	0.291875656	0.096603257	0.307805814	0.459639651	0.331032103	0.55383408	0.339893151	0.32441433
0.434851137	0.529842642	0.427062135	0.48375776	0.557241077	0.349901379	0.096603257	0.600682008	0.319253334	0.096603257	0.319253334	0.434851137	0.096603257	0.509048162	0.393622037	0.434851137	0.096603257	0.096603257
0.565848652	0.509323165	0.376481313	0.368638855	0.512471605	0.408654856	0.272519472	0.579398189	0.410091467	0.298293361	0.357320769	0.348222419	0.349174672	0.420959353	0.46033717	0.483573285	0.334083601	0.292481153
0.395178795	0.384521937	0.294237014	0.347488239	0.436979805	0.381868084	0.281673417	0.629181648	0.320313886	0.280688218	0.326312362	0.308113547	0.333192409	0.353095404	0.354136464	0.379304142	0.335693208	0.292200297
0.524507218	0.713071876	0.552137424	0.558037787	0.600182901	0.517686695	0.096603257	0.595791352	0.562408114	0.096603257	0.499096865	0.484231202	0.385220101	0.414784065	0.351608597	0.56743939	0.31569916	0.3491484
0.681784489	0.349901379	0.3583213	0.3583213	0.533850521	0.576271536	0.096603257	0.734247108	0.352737982	0.323318763	0.349901379	0.096603257	0.510368091	0.604754145	0.417141477	0.576271536	0.496992476	0.096603257
0.449745915	0.348610381	0.246919316	0.239312431	0.458463772	0.392942494	0.158412258	0.421011995	0.331779447	0.261456511	0.326544985	0.191599055	0.334465478	0.343172748	0.364534059	0.433974259	0.308603556	0.287521445
0.439270264	0.478027152	0.160231974	0.160231974	0.259284762	0.290996939	0.096603257	0.29179192	0.351673446	0.096603257	0.253480498	0.096603257	0.264893719	0.160231974	0.699102298	0.330241454	0.252154592	0.096603257
0.627668486	0.645225152	0.421435975	0.38791101	0.637640778	0.526231979	0.096603257	0.491994052	0.307611638	0.353089607	0.348873219	0.252154592	0.317412982	0.537061187	0.428503496	0.454556441	0.096603257	0.096603257
0.493406559	0.359404693	0.096603257	0.096603257	0.470594884	0.388669093	0.096603257	0.701941765	0.252154592	0.141414095	0.265328053	0.096603257	0.388669093	0.374088354	0.349901379	0.556920492	0.310999131	0.096603257
0.384799406	0.330211573	0.30596611	0.30596611	0.486148119	0.47520762	0.096603257	0.739716365	0.252154592	0.096603257	0.315240762	0.521425437	0.362317365	0.330211573	0.349901379	0.674161363	0.521425437	0.096603257
0.626851883	0.527054403	0.327156913	0.327156913	0.553430904	0.442758923	0.096603257	0.575671957	0.354693181	0.096603257	0.504421412	0.096603257	0.40822398	0.414105475	0.456284334	0.740432067	0.096603257	0.096603257
0.636702767	0.453528683	0.316541085	0.291837923	0.271853293	0.460270159	0.096603257	0.697416451	0.36340533	0.277050447	0.331699052	0.297524224	0.427084939	0.333739085	0.460834081	0.570821113	0.352823757	0.28740396
0.450689841	0.554393296	0.359651151	0.349901379	0.720399492	0.591072943	0.096603257	0.651755673	0.307611638	0.096603257	0.30608918	0.252154592	0.348873219	0.450689841	0.317412982	0.465033532	0.463303274	0.571496504
0.486313373	0.515650613	0.335690952	0.347073398	0.5757928	0.377010869	0.096603257	0.654989899	0.403277075	0.307328592	0.374730549	0.307409187	0.363701167	0.355433091	0.515596768	0.438245737	0.443789614	0.279173411
0.718041777	0.656530935	0.482501497	0.466420315	0.604754145	0.369403588	0.096603257	0.658643358	0.418366185	0.096603257	0.096603257	0.328465967	0.30484964	0.609462434	0.56710146	0.546356148	0.340154513	0.096603257
0.429368602	0.3720021	0.096603257	0.096603257	0.779582848	0.344584844	0.323994113	0.552047944	0.360140893	0.096603257	0.314872939	0.291134898	0.343450487	0.566645216	0.342395925	0.396519313	0.460580711	0.28646778
0.330195063	0.393688763	0.353858019	0.428332519	0.693388212	0.355924022	0.453462398	0.733588273	0.389945991	0.268388714	0.339902337	0.463635108	0.323816956	0.549235205	0.31077197	0.362722624	0.331456952	0.292241643
0.312948468	0.330232567	0.096603257	0.312948468	0.499613306	0.349901379	0.489085449	0.78173164	0.096603257	0.27977504	0.306909558	0.296781233	0.301220449	0.546798533	0.323318763	0.378188508	0.410126736	0.096603257
0.739581206	0.404546448	0.27754492	0.260167715	0.306754131	0.395245855	0.096603257	0.422288677	0.327650571	0.269515007	0.343787993	0.269515007	0.338424035	0.335916006	0.307978645	0.514786199	0.307632258	0.294716551
0.618925489	0.39743887	0.157970806	0.157752402	0.44293078	0.461421919	0.096603257	0.549361279	0.231205882	0.271141347	0.354847073	0.096603257	0.387490098	0.377754985	0.297087299	0.700013518	0.341254166	0.096603257
0.566395769	0.413128866	0.334151154	0.337796314	0.594246397	0.379108077	0.267216123	0.483308135	0.373726639	0.096603257	0.382484975	0.293617715	0.373666007	0.375520418	0.416358566	0.542155965	0.300442488	0.096603257
0.556780609	0.544192398	0.446437606	0.418670217	0.721425026	0.472986197	0.272318407	0.604055099	0.449631673	0.402041745	0.334261541	0.29792462	0.451454892	0.430970051	0.479341263	0.524323202	0.402041745	0.096603257
0.466819505	0.589750648	0.510242489	0.553035137	0.491137423	0.132156558	0.096603257	0.549690131	0.369867018	0.096603257	0.096603257	0.419882765	0.096603257	0.383699438	0.349901379	0.356649336	0.442720034	0.317108976
0.674002641	0.597013098	0.349296055	0.35484742	0.55606594	0.406670327	0.096603257	0.445662324	0.389085588	0.423463404	0.340146119	0.318028859	0.347473218	0.382397877	0.524589437	0.520073919	0.333176795	0.296050889
0.681051567	0.43301088	0.287426382	0.259830771	0.612962268	0.56700117	0.288806121	0.580285453	0.308398519	0.358308555	0.330946775	0.385559669	0.37417772	0.370678835	0.469045332	0.624932338	0.281724928	0.285239303
0.487541119	0.414443108	0.396824562	0.278091848	0.39127703	0.390975333	0.275420702	0.47715799	0.290157509	0.303510642	0.345866026	0.300559896	0.365519834	0.28893809	0.394879769	0.427437132	0.286232703	0.296599025
0.429219032	0.407369753	0.306826559	0.096603257	0.715228199	0.43679518	0.096603257	0.680447111	0.096603257	0.096603257	0.350205453	0.096603257	0.096603257	0.520791631	0.352350812	0.424858064	0.380754905	0.273854622
0.641607567	0.532587924	0.318923229	0.318923229	0.601322963	0.494266905	0.096603257	0.637904963	0.38089325	0.096603257	0.2872902	0.096603257	0.419248646	0.387511542	0.490985211	0.543580029	0.377756146	0.343382919
0.551570847	0.421275123	0.440187823	0.440187823	0.44332268	0.544899733	0.096603257	0.738548561	0.289456759	0.096603257	0.33388776	0.440187823	0.435213516	0.354147315	0.412176428	0.577507767	0.451113061	0.322719823
0.385220101	0.414784065	0.096603257	0.27650997	0.634603642	0.417357242	0.096603257	0.738531077	0.484231202	0.096603257	0.096603257	0.27650997	0.345942874	0.483893968	0.096603257	0.449074295	0.31569916	0.351608597
0.410050689	0.417141477	0.326999674	0.358962024	0.479737959	0.26507656	0.252154592	0.664643721	0.459717523	0.096603257	0.29060758	0.504909703	0.347236957	0.417491209	0.316337593	0.309113453	0.330434873	0.352350812
0.461875127	0.43679518	0.27450852	0.27450852	0.514319623	0.341799193	0.332994579	0.510191312	0.363880473	0.096603257	0.096603257	0.252154592	0.452842233	0.389971217	0.484301394	0.512237369	0.096603257	0.332994579
0.44102049	0.547027033	0.459087987	0.453792473	0.700404218	0.527851995	0.096603257	0.54844915	0.483050568	0.096603257	0.096603257	0.307561186	0.401267719	0.404844641	0.501947259	0.623394239	0.096603257	0.096603257
0.535215824	0.669767433	0.323318763	0.349901379	0.349901379	0.349901379	0.096603257	0.676219461	0.404132347	0.096603257	0.349901379	0.096603257	0.404132347	0.349901379	0.533698785	0.394975186	0.096603257	0.096603257
0.649008084	0.678223389	0.317412982	0.359651151	0.600298549	0.530383084	0.096603257	0.517480767	0.317412982	0.096603257	0.349901379	0.317412982	0.532535572	0.389029625	0.421435975	0.655433816	0.353089607	0.317412982
0.520508596	0.349901379	0.096603257	0.096603257	0.421344175	0.605102301	0.096603257	0.404245477	0.325555377	0.096603257	0.520508596	0.096603257	0.404844641	0.401267719	0.350404687	0.677272682	0.360392894	0.096603257
0.661025966	0.665111119	0.425657388	0.480148641	0.529842642	0.509048162	0.096603257	0.630759507	0.504047871	0.096603257	0.534388399	0.390839814	0.096603257	0.504421412	0.393622037	0.711087636	0.574655452	0.354693181
0.308870583	0.363601655	0.321754187	0.357478435	0.404832864	0.389231889	0.303522276	0.650098621	0.344125202	0.096603257	0.295136876	0.308762774	0.313894715	0.371535341	0.284582407	0.395245855	0.311972527	0.30663232
0.421283357	0.389032998	0.298930549	0.366567436	0.470551189	0.369836029	0.096603257	0.719911903	0.321599405	0.096603257	0.298930549	0.298930549	0.387615824	0.501009885	0.297129478	0.504695481	0.395375807	0.329757288
0.496526701	0.441958439	0.296050889	0.263600944	0.487374977	0.476201472	0.096603257	0.586314845	0.305369468	0.500621293	0.308116716	0.500621293	0.385599573	0.405751899	0.269232685	0.668059478	0.290616016	0.328357487
0.553169866	0.517785026	0.439566667	0.479378199	0.563264901	0.412676418	0.096603257	0.736208259	0.349861329	0.096603257	0.507644968	0.435076652	0.348890998	0.544749929	0.36512619	0.596424273	0.546292502	0.312512048
0.517939882	0.431463109	0.35269336	0.343023125	0.503802521	0.351376746	0.269279796	0.484959574	0.333336955	0.096603257	0.11357389	0.359291562	0.32097882	0.412751362	0.35761828	0.456097054	0.328438185	0.302053745
0.396521584	0.371958017	0.096603257	0.30740644	0.55574885	0.477530676	0.30740644	0.740545001	0.426369314	0.318028859	0.376949589	0.504520407	0.420653025	0.487779899	0.411648126	0.467374264	0.395638007	0.480474405
0.527901456	0.592310751	0.37001862	0.407107567	0.65967455	0.43815513	0.096603257	0.527938563	0.407107567	0.096603257	0.096603257	0.361231558	0.317177957	0.430145318	0.450689841	0.512921207	0.297538978	0.096603257
0.702585256	0.556454762	0.480815921	0.468736399	0.569256459	0.626649247	0.096603257	0.683937549	0.442324284	0.425105996	0.351829033	0.380961914	0.482881035	0.500205602	0.427785557	0.62676435	0.459064522	0.298549228
0.324011519	0.473335957	0.096603257	0.346031287	0.668590625	0.290835656	0.320092361	0.742523572	0.35222949	0.346031287	0.096603257	0.454415853	0.324011519	0.646011138	0.454415853	0.320092361	0.538630632	0.096603257
0.606180694	0.481395852	0.502144133	0.445167421	0.610603359	0.608709392	0.096603257	0.644905102	0.299973604	0.502144133	0.328167993	0.33401343	0.444246495	0.378453055	0.592016074	0.684170738	0.420760144	0.314698045
0.596449391	0.442023135	0.293220211	0.309568917	0.465706419	0.735784071	0.096603257	0.72766493	0.329266376	0.311304089	0.292700775	0.308442499	0.458091551	0.349214764	0.409453757	0.631564723	0.362058194	0.305619923
0.453993964	0.61688183	0.274436346	0.445662324	0.570780968	0.395245855	0.096603257	0.598732281	0.445662324	0.096603257	0.361712492	0.309321703	0.096603257	0.325555377	0.453993964	0.445662324	0.372088402	0.096603257
0.499172883	0.44635236	0.381512212	0.314698045	0.521931039	0.550378462	0.096603257	0.730695853	0.38336762	0.307884709	0.381512212	0.096603257	0.521738419	0.385997217	0.474983682	0.609321236	0.417960673	0.314698045
0.334123004	0.450315326	0.369030214	0.365258572	0.427140897	0.36198903	0.313780808	0.565947316	0.359848685	0.096603257	0.287245211	0.343434152	0.298523806	0.3720021	0.346785242	0.383830783	0.312202099	0.28070187
0.480375728	0.401314724	0.300175443	0.308828454	0.630372249	0.505845363	0.325233633	0.68234571	0.346916838	0.356899142	0.301967848	0.213896015	0.365677151	0.410752701	0.358805543	0.559574218	0.474520233	0.096603257
0.483050568	0.483050568	0.404844641	0.349901379	0.669806523	0.401267719	0.096603257	0.598732281	0.468540342	0.096603257	0.096603257	0.322727318	0.096603257	0.453792473	0.401267719	0.360392894	0.363334382	0.252154592
0.589319783	0.533056765	0.329468451	0.331642068	0.46726226	0.310226857	0.096603257	0.693798445	0.308019923	0.096603257	0.157752402	0.509946682	0.310226857	0.47202825	0.362495395	0.343980706	0.591217748	0.509743358
0.316768763	0.30044897	0.313511935	0.294369767	0.558712869	0.398076033	0.296920268	0.540025802	0.311653755	0.399021792	0.268327117	0.336063374	0.310196862	0.408881486	0.273871637	0.340729107	0.31598011	0.29269713
0.359379032	0.418613078	0.449488831	0.410748006	0.640050648	0.405610804	0.449987281	0.735363992	0.388780433	0.332504697	0.283275095	0.381726203	0.367237675	0.523887633	0.34652738	0.39178342	0.356238764	0.277078522
0.295268768	0.330547444	0.273145929	0.342117202	0.46524264	0.41636695	0.096603257	0.725965543	0.407858958	0.310226857	0.315483296	0.342117202	0.408400083	0.450689841	0.410050689	0.487930481	0.401207582	0.302627746
0.138335893	0.280443138	0.327055924	0.299595782	0.617436739	0.096603257	0.096603257	0.656976875	0.296924645	0.096603257	0.157752402	0.368748845	0.096603257	0.609848921	0.096603257	0.286024069	0.096603257	0.096603257
0.424519221	0.451891908	0.308421217	0.297049163	0.5509614	0.410994246	0.509517459	0.585013512	0.424594712	0.408266951	0.413258396	0.32456515	0.414509513	0.372088402	0.43175262	0.451259827	0.385562748	0.425890539
0.486148119	0.504668378	0.530789629	0.573011941	0.571552905	0.472395318	0.096603257	0.740370443	0.520910199	0.096603257	0.370972715	0.530789629	0.096603257	0.54004139	0.362317365	0.513837681	0.47520762	0.30596611
0.438556339	0.5342256	0.510862687	0.506912816	0.612182553	0.523558017	0.518453583	0.612182553	0.533717117	0.337392168	0.366447132	0.533717117	0.533717117	0.384130236	0.411649174	0.471671344	0.331920234	0.096603257
0.708716979	0.563197613	0.50919598	0.530823952	0.60243275	0.50411283	0.096603257	0.531459658	0.44052988	0.096603257	0.351608597	0.50919598	0.332600488	0.436421766	0.478790995	0.699304775	0.32456515	0.096603257
0.493816053	0.441389154	0.096603257	0.31569916	0.449277041	0.457567284	0.096603257	0.513720365	0.308421217	0.096603257	0.126126074	0.096603257	0.351608597	0.349901379	0.3720021	0.348483332	0.31569916	0.096603257
0.496658598	0.361945563	0.096603257	0.158501537	0.657950288	0.508579087	0.096603257	0.718100798	0.345151283	0.096603257	0.345151283	0.096603257	0.33980594	0.501739562	0.400282611	0.479266598	0.401267719	0.334012482
0.751625109	0.764571688	0.096603257	0.5003631	0.540852633	0.325161796	0.096603257	0.619006061	0.386534681	0.096603257	0.568125854	0.531663139	0.462366397	0.462366397	0.742565834	0.506885724	0.544033175	0.531663139
0.362478035	0.329456194	0.353521214	0.403964737	0.588646118	0.337788801	0.096603257	0.554495159	0.332841368	0.32344396	0.393038056	0.326999674	0.351704536	0.309695819	0.379795693	0.321480189	0.404047996	0.29060758
0.544387565	0.457502702	0.361778423	0.347476113	0.514185311	0.440517712	0.309903279	0.720414386	0.373320128	0.290124864	0.340760419	0.327218507	0.356286327	0.430775565	0.407378333	0.538635112	0.338077024	0.347581539
0.536616895	0.508339997	0.366873202	0.459506335	0.645407816	0.515185437	0.498637131	0.795358413	0.40492329	0.430252855	0.448070562	0.519726873	0.48387504	0.608649924	0.43727131	0.515400359	0.563597693	0.513393099
0.722468116	0.635538345	0.421120217	0.41262494	0.481802516	0.577226836	0.096603257	0.670994288	0.402420753	0.292532427	0.439626963	0.349318655	0.424951332	0.430103327	0.432008718	0.671083386	0.38311817	0.428693322
0.488717833	0.459087987	0.252154592	0.363334382	0.569370259	0.531459658	0.096603257	0.741389308	0.401267719	0.096603257	0.178173092	0.585786667	0.178173092	0.325555377	0.540912013	0.547027033	0.585786667	0.096603257
0.32462468	0.358562579	0.560993465	0.58172257	0.621505259	0.459472064	0.096603257	0.736278773	0.605872221	0.330232567	0.27430343	0.560993465	0.342927269	0.470014819	0.277968738	0.323779193	0.323318763	0.145051906
0.545237645	0.474588435	0.215112331	0.137609029	0.319092188	0.268391728	0.096603257	0.560262494	0.336474102	0.096603257	0.444743961	0.274189298	0.320819738	0.312571474	0.541482688	0.41676195	0.349480776	0.143510168
0.259166211	0.261515705	0.264773244	0.275403386	0.367785692	0.376605761	0.096603257	0.692680129	0.333017683	0.096603257	0.290686092	0.349901379	0.324789488	0.399977378	0.287813512	0.2860782	0.333017683	0.264773244
0.464417182	0.417141477	0.32441433	0.394261089	0.376605761	0.331095978	0.513894769	0.71591849	0.449226338	0.096603257	0.317177957	0.32441433	0.344470253	0.515975342	0.34444048	0.380551917	0.403046991	0.344470253
0.630295783	0.440078509	0.353966722	0.290730441	0.389177176	0.435690376	0.096603257	0.523504958	0.350504814	0.304529193	0.29488966	0.30073968	0.360730118	0.344677494	0.364024934	0.529567636	0.327877115	0.2990559
0.520918638	0.413915751	0.327152552	0.314227153	0.529375688	0.459911316	0.096603257	0.547829905	0.303824524	0.096603257	0.346562492	0.327152552	0.345365346	0.368748845	0.409342345	0.639756101	0.435330185	0.275639092
0.666885959	0.628345109	0.382465577	0.449163262	0.494905864	0.247993418	0.278359613	0.292599589	0.502673019	0.096603257	0.252202817	0.307349085	0.232472382	0.446090551	0.459563718	0.394975186	0.362081367	0.096603257
0.497247842	0.445086982	0.330448545	0.338874134	0.579900477	0.461045252	0.300750432	0.678356443	0.398491348	0.285066023	0.334989818	0.44610526	0.40701295	0.44468883	0.407006152	0.5579422	0.385292089	0.289169089
0.451061632	0.096603257	0.096603257	0.096603257	0.547027033	0.096603257	0.096603257	0.739482961	0.096603257	0.540912013	0.372088402	0.360392894	0.501947259	0.318369955	0.361712492	0.42033766	0.096603257	0.451061632
0.514606081	0.411967875	0.350977933	0.354667533	0.599448111	0.597790687	0.313780808	0.740586604	0.366161308	0.428693322	0.397334866	0.096603257	0.513652665	0.424115427	0.41922509	0.585363579	0.354698908	0.463006777
0.432296839	0.539259662	0.423893959	0.385201759	0.621502579	0.457669408	0.096603257	0.712585293	0.509282148	0.444341598	0.27450852	0.385201759	0.35120545	0.480384528	0.452842233	0.503224487	0.096603257	0.096603257
0.452315207	0.369717915	0.096603257	0.309865458	0.699256467	0.360037366	0.096603257	0.612094139	0.307805814	0.096603257	0.339908125	0.096603257	0.348473345	0.535647951	0.309976735	0.583706505	0.31335478	0.331095978
0.379554258	0.410646645	0.399489399	0.378942188	0.685159627	0.493605383	0.489855916	0.744705978	0.415606312	0.508735482	0.307391265	0.519157961	0.491040881	0.632319518	0.346324218	0.451290031	0.486992688	0.466665617
0.526283132	0.404765795	0.096603257	0.096603257	0.603290529	0.68430084	0.096603257	0.62724336	0.406589437	0.437494915	0.315893107	0.096603257	0.48179433	0.361830894	0.362298159	0.673316423	0.385220101	0.437494915
0.439727557	0.437249395	0.30983744	0.386745059	0.624930784	0.364622428	0.096603257	0.571145991	0.393467716	0.499100977	0.334434316	0.342916491	0.340431336	0.429480062	0.362478739	0.425141284	0.381511161	0.297998914
0.616257149	0.472456806	0.389267411	0.363959624	0.583094932	0.431833154	0.270510009	0.713322429	0.323926241	0.096603257	0.338426285	0.358600421	0.356745335	0.492102529	0.411078062	0.549297966	0.393261324	0.277923859
0.616948057	0.449877923	0.329981479	0.293415421	0.420404941	0.382782438	0.096603257	0.622121331	0.306745444	0.096603257	0.358532985	0.298510693	0.358532985	0.385416722	0.675104897	0.515314118	0.388750037	0.300722692
0.700906778	0.533720145	0.096603257	0.252154592	0.456321445	0.379081095	0.096603257	0.602995211	0.430059271	0.27140421	0.384878858	0.096603257	0.364122278	0.364261142	0.723085944	0.595506755	0.317840597	0.395451747
0.640397542	0.430328475	0.096603257	0.096603257	0.56540787	0.555167484	0.096603257	0.727798533	0.32933126	0.096603257	0.450612967	0.096603257	0.338741122	0.499921544	0.32933126	0.725746447	0.425970373	0.370181518
0.636330703	0.539160845	0.096603257	0.096603257	0.604754145	0.402715605	0.096603257	0.586250263	0.45280781	0.096603257	0.748294205	0.096603257	0.370953259	0.381588072	0.549595796	0.634950287	0.322913566	0.508011017
0.301684082	0.276499585	0.290285316	0.257499542	0.467023205	0.378118664	0.306517619	0.45760707	0.268036113	0.096603257	0.264647981	0.302284319	0.338872714	0.300879104	0.285197418	0.417358854	0.365203602	0.096603257
0.413793336	0.476935748	0.429249264	0.333497859	0.58788401	0.487686303	0.096603257	0.721228982	0.413125923	0.429249264	0.440084252	0.291473913	0.411204788	0.498141771	0.43156382	0.550862054	0.333497859	0.096603257
0.597486837	0.55561859	0.437029766	0.314680702	0.566645216	0.540093465	0.291134898	0.599089817	0.314680702	0.096603257	0.157752402	0.096603257	0.490792594	0.344584844	0.368748845	0.559155296	0.557436505	0.096603257
0.328229637	0.352454987	0.432011928	0.378053926	0.568733615	0.457072087	0.096603257	0.722711358	0.332083908	0.459640126	0.287896306	0.372832437	0.458391234	0.579366299	0.300605314	0.46679244	0.366709434	0.296281953
0.41092433	0.423832932	0.378809163	0.412162672	0.647418411	0.506705913	0.334271556	0.653723925	0.469149223	0.470327363	0.450357841	0.44245661	0.420668948	0.375692706	0.397782252	0.530719217	0.308168606	0.346536193
0.428064159	0.332034815	0.277364711	0.251125325	0.372360162	0.289154881	0.269221582	0.303211104	0.267772628	0.263769908	0.258241524	0.277773428	0.310887029	0.26978775	0.260563189	0.326527594	0.269818412	0.261456511
0.41437094	0.414636421	0.310395285	0.34697395	0.450403312	0.387995912	0.266897514	0.681690545	0.337297358	0.303299141	0.328174398	0.319802645	0.345782383	0.464174626	0.378869834	0.438723271	0.374458487	0.293697067
0.520464252	0.490569913	0.512394622	0.347720246	0.694103527	0.352407087	0.096603257	0.578022743	0.290549168	0.096603257	0.252154592	0.512394622	0.457926387	0.59033316	0.345503457	0.628463058	0.329016942	0.346562492
0.552294147	0.519983532	0.353362405	0.381484842	0.501671173	0.602767178	0.096603257	0.638354566	0.476006069	0.096603257	0.36512619	0.349901379	0.333236124	0.360481181	0.418066462	0.508998833	0.301799121	0.096603257
0.398743538	0.323318763	0.368024305	0.368024305	0.650098621	0.555144273	0.096603257	0.50210915	0.398743538	0.096603257	0.368024305	0.263721227	0.096603257	0.326615649	0.096603257	0.555144273	0.323318763	0.3583213
0.548938368	0.598732281	0.325555377	0.325555377	0.410168507	0.483050568	0.096603257	0.598732281	0.096603257	0.096603257	0.401267719	0.325555377	0.501947259	0.350404687	0.590691863	0.730534489	0.096603257	0.096603257
0.427865926	0.406651272	0.36138546	0.346436084	0.609554444	0.465968219	0.481911372	0.721861842	0.35361467	0.413788383	0.329072898	0.350923017	0.359002469	0.403385011	0.372790156	0.473430909	0.36483154	0.30494203
0.518915115	0.490511845	0.465366049	0.530937276	0.681967047	0.370470304	0.119214916	0.528519352	0.563297982	0.096603257	0.418312741	0.445022603	0.430854408	0.42488117	0.44333134	0.511063076	0.304718881	0.308164405
0.387549613	0.424363263	0.361712492	0.361712492	0.459087987	0.318369955	0.096603257	0.28601041	0.395245855	0.096603257	0.325555377	0.096603257	0.096603257	0.140247537	0.333282218	0.255779992	0.363334382	0.178197734
0.446864074	0.618081486	0.351396724	0.595754523	0.572589463	0.456837945	0.096603257	0.659500916	0.519335149	0.096603257	0.516772814	0.351396724	0.516772814	0.446864074	0.46459389	0.473893612	0.516772814	0.351396724
0.634466323	0.483310132	0.300273719	0.300273719	0.451421389	0.649163595	0.096603257	0.745525703	0.364367096	0.096603257	0.252154592	0.096603257	0.43934249	0.440081527	0.425132559	0.65771395	0.569373879	0.096603257
0.514508691	0.430826065	0.400123483	0.405916796	0.681755486	0.41636695	0.096603257	0.687323225	0.370416097	0.310226857	0.261673855	0.339160185	0.38370871	0.568965365	0.387982509	0.502045879	0.503755608	0.308019923
0.452242654	0.370576458	0.344005424	0.346451119	0.468892016	0.468920131	0.096603257	0.72071379	0.333240971	0.318202359	0.397859252	0.267197104	0.472013558	0.46844773	0.388959413	0.588724008	0.357208754	0.096603257
0.612613594	0.628998804	0.39501428	0.399993571	0.662508141	0.436172464	0.096603257	0.597724741	0.472373873	0.096603257	0.330833036	0.330833036	0.393437197	0.52735206	0.473690229	0.600653765	0.459297735	0.424529667
0.565306038	0.536673055	0.296296072	0.362276757	0.577611025	0.455467863	0.096603257	0.73424079	0.464360348	0.525288129	0.496580913	0.44257276	0.409934407	0.460609618	0.439317885	0.483893968	0.454080913	0.333668328
0.648548657	0.349901379	0.252154592	0.252154592	0.508005948	0.669758546	0.096603257	0.508998833	0.252154592	0.096603257	0.281930127	0.252154592	0.383126663	0.168563821	0.399616645	0.693827883	0.351451343	0.168563821
0.259389952	0.257996562	0.178173092	0.178173092	0.343023125	0.096603257	0.096603257	0.284575185	0.278493317	0.096603257	0.278493317	0.096603257	0.096603257	0.096603257	0.258725764	0.266668725	0.221661456	0.127982581
0.50210915	0.359205405	0.3583213	0.3583213	0.7231908	0.096603257	0.096603257	0.622009815	0.316040142	0.096603257	0.543870974	0.096603257	0.469695697	0.617587397	0.349901379	0.449934694	0.577839967	0.469695697
0.317038888	0.298006587	0.252154592	0.252154592	0.444808366	0.289574548	0.096603257	0.465411645	0.258983259	0.096603257	0.268060971	0.277572148	0.260430256	0.26516888	0.295844912	0.340537146	0.300680607	0.141087434
0.389756673	0.438883654	0.096603257	0.096603257	0.561908766	0.568934484	0.096603257	0.753509656	0.252154592	0.371642791	0.313469501	0.397665275	0.46790777	0.596697843	0.333440191	0.458938622	0.454958874	0.397665275
0.252154592	0.316040142	0.096603257	0.27430343	0.468853552	0.261209739	0.096603257	0.70691652	0.096603257	0.096603257	0.267854442	0.096603257	0.267060178	0.576271536	0.096603257	0.347679086	0.096603257	0.252154592
0.645871015	0.606905212	0.393113349	0.445867492	0.568959581	0.379617271	0.096603257	0.575069042	0.47415834	0.096603257	0.339098528	0.365051995	0.357932647	0.413906716	0.470882861	0.497482564	0.382774734	0.355838048
0.441962213	0.503801087	0.096603257	0.352737982	0.605446459	0.433096146	0.096603257	0.503801087	0.435388338	0.096603257	0.352737982	0.311060741	0.456542031	0.425878356	0.347679086	0.425878356	0.347679086	0.096603257
0.49538052	0.47965324	0.326403616	0.380762369	0.536866079	0.384851614	0.269560626	0.64395883	0.348537782	0.297269057	0.338793036	0.379186717	0.329359174	0.398059309	0.415345721	0.42028409	0.410176442	0.345627253
0.466142632	0.413156664	0.316021958	0.291889656	0.357816422	0.385787778	0.268502421	0.560845309	0.35665071	0.265716547	0.312589508	0.280759791	0.355914186	0.377567469	0.523913685	0.437124771	0.314360167	0.272931601
0.370845272	0.423714121	0.335275506	0.318818441	0.485324552	0.392351481	0.304019972	0.710468555	0.380746091	0.288101004	0.319995985	0.309477639	0.358370435	0.479244934	0.344766824	0.418883861	0.339221305	0.290046424
0.445662324	0.462962844	0.395058254	0.411357116	0.584591069	0.391651083	0.317857928	0.676514849	0.356649336	0.096603257	0.504398376	0.395058254	0.317108976	0.521991896	0.368383703	0.524483164	0.425970373	0.305400247
0.440735134	0.409716049	0.302495587	0.326042036	0.658360193	0.419220473	0.096603257	0.576544545	0.362769612	0.270254175	0.35426505	0.322367539	0.356822176	0.427953955	0.370470517	0.405888617	0.328649877	0.283045621
0.445156196	0.389784456	0.096603257	0.277050447	0.570814443	0.529594508	0.096603257	0.697990292	0.316734231	0.49924922	0.329815872	0.096603257	0.407233695	0.63778105	0.365055164	0.68489924	0.333739085	0.096603257
0.265050663	0.280845773	0.252154592	0.267273212	0.330013161	0.348649912	0.096603257	0.7296837	0.319530027	0.096603257	0.292580049	0.257994598	0.319530027	0.45372381	0.274038514	0.299060821	0.337631818	0.284035613
0.738543489	0.531655857	0.505707966	0.319690191	0.541548963	0.441173036	0.096603257	0.573234516	0.36770234	0.286970596	0.394976013	0.096603257	0.410752666	0.36770234	0.74186354	0.636665618	0.319690191	0.345151283
0.546747918	0.520079652	0.552879937	0.43752517	0.780087855	0.470382506	0.523321569	0.480931874	0.449569416	0.096603257	0.32751352	0.487286045	0.490370028	0.502462595	0.479262173	0.429042069	0.487286045	0.096603257
0.580454901	0.53405064	0.096603257	0.178173092	0.516582842	0.468540342	0.096603257	0.547042931	0.45155085	0.096603257	0.350404687	0.096603257	0.096603257	0.459087987	0.259254473	0.608778783	0.318369955	0.325555377
0.588117332	0.439972133	0.311700829	0.343038862	0.515436653	0.460210911	0.293785006	0.577029216	0.370091618	0.492361132	0.328955107	0.270203225	0.362935146	0.395963078	0.423772366	0.527431867	0.343525396	0.310312739
0.534976482	0.486914934	0.35374597	0.287226457	0.312022529	0.276721412	0.417859778	0.269201178	0.366829405	0.121542715	0.266907249	0.279987515	0.304215691	0.284614334	0.443302037	0.330377827	0.286835755	0.252114053
0.577030367	0.433248284	0.096603257	0.096603257	0.528686597	0.665134907	0.096603257	0.745060957	0.344584844	0.508785671	0.415401733	0.291134898	0.564907639	0.410050689	0.439101726	0.556048006	0.511201906	0.096603257
0.434569934	0.342019193	0.278089991	0.276398751	0.452644025	0.354025363	0.261982706	0.418007445	0.339591086	0.258333564	0.274052252	0.296370538	0.30198789	0.463306771	0.319627416	0.350371906	0.299025014	0.275951598
0.527185237	0.548429177	0.408055107	0.439573099	0.599923776	0.567400003	0.386207913	0.741088482	0.478841537	0.450341871	0.424005551	0.399448329	0.504986651	0.54769827	0.453885731	0.532741127	0.509991698	0.478203505
0.27430343	0.337286868	0.145051906	0.343196797	0.437190133	0.515689696	0.096603257	0.756218473	0.53855835	0.096603257	0.513271581	0.323318763	0.330232567	0.509249884	0.263721227	0.475069468	0.546616445	0.096603257
0.356266344	0.279750305	0.342958143	0.321888161	0.514503956	0.443884518	0.096603257	0.580473642	0.337726973	0.471828818	0.316897192	0.322988026	0.350539327	0.375710873	0.322956411	0.407287468	0.326827655	0.308490526
0.240501987	0.194998488	0.096603257	0.096603257	0.519096367	0.194998488	0.194998488	0.366429562	0.096603257	0.096603257	0.194998488	0.487968169	0.221660234	0.580725593	0.240501987	0.240501987	0.52372487	0.096603257
0.315192665	0.352089527	0.096603257	0.494084421	0.742084991	0.53275859	0.096603257	0.752354848	0.494084421	0.492694901	0.419506673	0.462061594	0.494917014	0.531678344	0.499936473	0.533622216	0.502497218	0.096603257
0.647554399	0.525049196	0.332918546	0.337383944	0.553947992	0.422506475	0.284032606	0.512427729	0.380383182	0.492528263	0.365274082	0.306730004	0.323318952	0.398537547	0.497090992	0.506599506	0.332642413	0.273866476
0.602247584	0.423724047	0.416055899	0.344095839	0.458183961	0.588047507	0.29394126	0.738715425	0.378453055	0.096603257	0.322096102	0.325428721	0.458183961	0.458183961	0.432143913	0.653000436	0.416055899	0.096603257
0.72385254	0.732320609	0.43133943	0.43133943	0.623394239	0.401267719	0.096603257	0.544678622	0.459087987	0.096603257	0.374389737	0.096603257	0.334012482	0.459087987	0.660129347	0.521946637	0.55666866	0.096603257
0.558082331	0.463828197	0.513894769	0.539707791	0.54355633	0.518227441	0.096603257	0.742102586	0.513894769	0.096603257	0.399314492	0.513894769	0.418974772	0.548730675	0.394261089	0.740193406	0.557026283	0.457387762
0.711207233	0.686540706	0.53855835	0.496992476	0.616300562	0.58172257	0.096603257	0.710372063	0.53855835	0.096603257	0.58172257	0.096603257	0.53855835	0.56320482	0.621903921	0.7231908	0.096603257	0.096603257
0.45760128	0.400274146	0.291849294	0.320557625	0.507627872	0.400005145	0.096603257	0.597140186	0.357790883	0.096603257	0.324627316	0.291849294	0.321480189	0.435897667	0.388669093	0.480861426	0.348985275	0.307931518
0.523336961	0.567856087	0.457049991	0.439488438	0.667080899	0.469483272	0.282080895	0.563275289	0.440388726	0.096603257	0.381781919	0.418332889	0.334529643	0.375034119	0.470533966	0.459721533	0.390589031	0.096603257
0.740798853	0.736329172	0.252154592	0.263771583	0.372135602	0.445875615	0.096603257	0.444793356	0.268541953	0.096603257	0.314059821	0.252154592	0.350205453	0.355708947	0.650098621	0.639988941	0.096603257	0.252154592
0.331628961	0.277792013	0.252154592	0.252154592	0.38477141	0.284317847	0.252154592	0.557599102	0.274471923	0.096603257	0.264427436	0.264427436	0.157752402	0.420268649	0.284317847	0.271075596	0.301550077	0.310310071
0.411118216	0.350530731	0.343644041	0.436487816	0.709418133	0.396594229	0.096603257	0.73080523	0.414298326	0.279769494	0.310697377	0.388860281	0.337432977	0.539693	0.351572638	0.415006116	0.315988005	0.38451981
0.664888559	0.583548155	0.312727319	0.36276395	0.51343501	0.414396888	0.096603257	0.623217531	0.44517121	0.472019199	0.280523526	0.291583248	0.383718548	0.417555928	0.527413416	0.515274807	0.41488408	0.395741486
0.419829388	0.349901379	0.337136011	0.356123101	0.424705962	0.3567898	0.277394773	0.657828503	0.341507087	0.096603257	0.096603257	0.328965957	0.292819797	0.455618174	0.34425996	0.38331782	0.387537882	0.285732237
0.295365296	0.317864916	0.281456998	0.096603257	0.390925783	0.468540342	0.468128643	0.714001365	0.240921054	0.303744544	0.347764041	0.096603257	0.371873381	0.323374638	0.340388614	0.498663175	0.443951994	0.501974348
0.292775434	0.376220178	0.50881207	0.502189909	0.674564572	0.494751124	0.096603257	0.740822609	0.38937589	0.096603257	0.096603257	0.454169821	0.329413306	0.562449156	0.144265433	0.375575385	0.46854421	0.329413306
0.652066775	0.537363582	0.307615229	0.327910793	0.607417754	0.484990301	0.096603257	0.580402714	0.353666134	0.096603257	0.291134898	0.307615229	0.327910793	0.448300038	0.433248284	0.658896171	0.44307919	0.291134898
0.492538939	0.38373809	0.266855011	0.252154592	0.69124593	0.394500144	0.302157563	0.481457565	0.340947301	0.291490598	0.306370598	0.290715611	0.346694813	0.57094487	0.354454755	0.445748478	0.316083624	0.291490598
0.582858523	0.475069468	0.378302731	0.404132347	0.662749124	0.449153374	0.096603257	0.69664625	0.397432482	0.096603257	0.096603257	0.378302731	0.469695697	0.580100373	0.296781233	0.6279979	0.416565246	0.323318763
0.701194467	0.638656954	0.472462017	0.398505407	0.470233472	0.467307253	0.096603257	0.537477952	0.446557839	0.28646778	0.362715581	0.252154592	0.463726948	0.43036324	0.525903794	0.57842283	0.331497327	0.291134898
0.353828676	0.400670017	0.285531836	0.300044847	0.656214669	0.495256779	0.470344122	0.682080775	0.349301537	0.450132016	0.340568832	0.273215473	0.413813433	0.39356483	0.408052738	0.460238969	0.361466315	0.289745168
0.555670974	0.576769392	0.336110149	0.35518937	0.582563751	0.327895079	0.096603257	0.59957565	0.443113807	0.274435369	0.333328755	0.296032782	0.378907569	0.499169785	0.486507926	0.468540342	0.361887585	0.325547756
0.496329081	0.43679518	0.312512048	0.340700438	0.496329081	0.516942935	0.096603257	0.699397843	0.312512048	0.096603257	0.52768888	0.312512048	0.312512048	0.410176442	0.340700438	0.700404218	0.494293727	0.312512048
0.342192467	0.352112727	0.326392696	0.268507805	0.565752693	0.413609601	0.271727712	0.671555001	0.347799926	0.33166602	0.357253449	0.288848805	0.371462609	0.439804098	0.349901379	0.393626208	0.301920833	0.273106936
0.531923597	0.51562148	0.51938506	0.415166845	0.531923597	0.386972196	0.096603257	0.738542774	0.326776053	0.096603257	0.333350044	0.51938506	0.338677059	0.551504266	0.378427192	0.487232823	0.549398135	0.549398135
0.509767009	0.616693465	0.408362892	0.612280383	0.644466503	0.402206976	0.096603257	0.595366446	0.485552867	0.096603257	0.28764324	0.427392148	0.28764324	0.513837681	0.492605459	0.472696947	0.408654027	0.29253048
0.350404687	0.309321703	0.318369955	0.096603257	0.333282218	0.376605761	0.096603257	0.604754145	0.318369955	0.096603257	0.278493317	0.096603257	0.278493317	0.252168612	0.325555377	0.377488642	0.096603257	0.096603257
0.258196517	0.234857432	0.170589854	0.142886253	0.271046909	0.357836299	0.252154592	0.649198722	0.299906081	0.33503762	0.29607601	0.252154592	0.415951642	0.380848067	0.278661996	0.468893102	0.297369343	0.261456511
0.354147315	0.359647603	0.299124394	0.282863916	0.426241281	0.462058986	0.2957736	0.687652132	0.272099618	0.432478431	0.30936904	0.298164959	0.365496391	0.361693735	0.314081057	0.462114705	0.392923819	0.312475671
0.450898619	0.411667714	0.329353901	0.339226161	0.489974397	0.43900141	0.263330683	0.61008616	0.384632918	0.336852597	0.331119434	0.317867387	0.34513203	0.408241205	0.342344691	0.421573311	0.334202316	0.310603879
0.47880577	0.453886412	0.29158582	0.314872939	0.521320647	0.344584844	0.096603257	0.646817134	0.307615229	0.096603257	0.430983394	0.252154592	0.430108484	0.383699438	0.410050689	0.47574316	0.096603257	0.291134898
0.520969461	0.440673847	0.283540662	0.252154592	0.587132488	0.470226755	0.300324695	0.665004442	0.321474426	0.494807853	0.3055398	0.273007273	0.376009733	0.418358025	0.38616418	0.476526069	0.38982415	0.268683477
0.237325954	0.096603257	0.096603257	0.096603257	0.383699438	0.25816456	0.096603257	0.283739198	0.237325954	0.096603257	0.096603257	0.096603257	0.096603257	0.349901379	0.237325954	0.237325954	0.096603257	0.096603257
